 Pt           R                 X                Y               E
  1       1.75000000      31.21961250      12.99451633       1.31839902 
  1       1.75000000       7.74440000      10.89862660       1.31297681 
  1       1.75000000      33.63973750      43.17532845       1.29874893 
  1       1.75000000      40.65810000      32.69587979       1.30465247 
  1       1.75000000     -27.34741250      49.88217558       1.29016930 
  1       1.75000000      48.40250000       9.22191481       1.31359510 
  1       1.75000000      14.76276250      16.34793989       1.31987046 
  1       1.75000000      24.68527500      21.79725319       1.31636399 
  1       1.75000000      18.39295000       6.70684714       1.28844370 
  1       1.75000000      35.57583750       3.77260151       1.31364402 
  1       1.75000000       4.59823750      46.52875202       1.30650133 
  1       1.75000000      20.32905000      31.85752390       1.30727209 
  1       1.75000000      -7.74440000      36.88765926       1.29785798 
  1       1.75000000       9.19647500       6.70684714       1.29683873 
  1       1.75000000     -19.84502500      44.43286229       1.31114088 
  1       1.75000000      29.04150000      19.28218552       1.32022450 
  1       1.75000000       1.93610000      15.92876195       1.30465247 
  1       1.75000000       4.11421250      51.55888737       1.28707136 
  1       1.75000000      -0.72603750      49.04381969       1.28704508 
  1       1.75000000      -6.77635000      28.50410033       1.31457414 
  1       1.75000000      13.55270000      26.82738854       1.28872036 
  1       1.75000000      26.37936250      49.04381969       1.32376532 
  1       1.75000000     -13.06867500      37.72601515       1.31267578 
  1       1.75000000      32.42967500      31.01916800       1.31170195 
  1       1.75000000      -9.19647500      47.78628585       1.31612842 
  1       1.75000000      -1.45207500       2.51506768       1.31202481 
  1       1.75000000      18.15093750       2.09588973       1.29916403 
  1       1.75000000       7.98641250      44.01368434       1.31326677 
  1       1.75000000      -6.05031250      44.01368434       1.29916364 
  1       1.75000000      41.62615000      12.57533838       1.32021191 
  1       1.75000000      23.71722500      12.57533838       1.28836717 
  1       1.75000000      33.15571250      34.79176953       1.28707456 
  1       1.75000000      -7.01836250      23.05478703       1.30944384 
  1       1.75000000     -13.31068750      29.76163417       1.30519280 
  1       1.75000000       0.48402500      20.95889730       1.30694173 
  1       1.75000000      17.66691250      12.99451633       1.30640379 
  1       1.75000000     -17.18288750      50.72053148       1.30650133 
  1       1.75000000      -4.35622500      18.44382962       1.30520829 
  1       1.75000000      12.34263750      19.70136346       1.30490447 
  1       1.75000000       5.80830000      36.88765926       1.30728319 
  1       1.75000000      -8.71245000      15.92876195       1.30913069 
  1       1.75000000      12.10062500       1.67671178       1.31746675 
  1       1.75000000      23.23320000       1.67671178       1.28872036 
  1       1.75000000      53.00073750       1.25753384       1.29874893 
  1       1.75000000      35.33382500      15.92876195       1.30720123 
  1       1.75000000      31.46162500      46.10957407       1.33290016 
  1       1.75000000      31.46162500      52.81642121       1.30850255 
  1       1.75000000       9.92251250      52.39724326       1.30944384 
  1       1.75000000      37.02791250       9.64109276       1.31547025 
  1       1.75000000      47.91847500      20.12054141       1.30465247 
  1       1.75000000      -0.96805000      35.21094747       1.28872038 
  1       1.75000000      20.81307500      43.59450639       1.31301745 
  1       1.75000000      29.76753750       9.64109276       1.31271016 
  1       1.75000000      -4.84025000      50.30135353       1.33290016 
  1       1.75000000      27.58942500      26.82738854       1.30881306 
  1       1.75000000      48.64451250       2.93424562       1.32468362 
  1       1.75000000      22.99118750      38.14519310       1.29512781 
  1       1.75000000      25.65332500      41.07943872       1.30720123 
  1       1.75000000      -0.48402500      30.18081211       1.31527398 
  1       1.75000000     -11.85861250      42.33697256       1.31304345 
  1       1.75000000      44.28828750      16.34793989       1.31403068 
  1       1.75000000      39.20602500      21.79725319       1.31636399 
  1       1.75000000      40.90011250       4.61095741       1.31940111 
  1       1.75000000      -0.48402500      53.65477710       1.30465247 
  1       1.75000000      29.04150000       5.03013535       1.32302480 
  1       1.75000000      12.10062500      37.72601515       1.33624518 
  1       1.75000000     -10.89056250      19.70136346       1.30517430 
  1       1.75000000       6.53433750      17.18629579       1.29693382 
  1       1.75000000       3.87220000      26.82738854       1.28872036 
  1       1.75000000      16.45685000      24.31232087       1.30465247 
  1       1.75000000       3.63018750      12.15616043       1.29938855 
  1       1.75000000       4.59823750      40.66026077       1.29479982 
  1       1.75000000       4.11421250       7.12602508       1.28704508 
  1       1.75000000      11.13257500      31.85752390       1.30255576 
  1       1.75000000      43.56225000       1.67671178       1.30689312 
  1       1.75000000      57.11495000       3.35342357       1.30720123 
  1       1.75000000      52.75872500      12.57533838       1.28836761 
  1       1.75000000      34.60778750      38.98354899       1.31547025 
  1       1.75000000      28.79948750      30.59999006       1.31745467 
  1       1.75000000       9.68050000      25.98903265       1.31359510 
  1       1.75000000      19.84502500      51.97806531       1.30520829 
  1       1.75000000      17.90892500      36.04930337       1.30727209 
  1       1.75000000      33.63973750      19.70136346       1.32376532 
  1       1.75000000      52.75872500       5.86849124       1.32019073 
  1       1.75000000      33.88175000      25.15067676       1.33624260 
  1       1.75000000      13.55270000       8.38355892       1.30829403 
  1       1.75000000      12.10062500      12.57533838       1.33290016 
  1       1.75000000       7.50238750       1.25753384       1.31749157 
  1       1.75000000      24.20125000      16.76711784       1.33290016 
  1       1.75000000      24.44326250      32.27670184       1.30490447 
  1       1.75000000      57.11495000      10.06027070       1.28872036 
  1       1.75000000     -24.68527500      45.27121818       1.30465247 
  1       1.75000000      -7.50238750      40.66026077       1.32376532 
  1       1.75000000      19.84502500      20.95889730       1.30694167 
  1       1.75000000      21.78112500       8.38355892       1.29865535 
  1       1.75000000      47.67646250      12.99451633       1.29693382 
  1       1.75000000      49.85457500      16.76711784       1.28719482 
  1       1.75000000      41.86816250      27.24656649       1.31326677 
  1       1.75000000      30.00955000      37.72601515       1.30872012 
  1       1.75000000     -19.84502500      37.72601515       1.28836761 
