 Pt           R                 X                Y               E
  1       1.75000000       2.90415000      38.56437104       1.31305339 
  1       1.75000000       5.80830000      41.91779461       1.29827475 
  1       1.75000000       1.45207500      21.79725319       1.29520053 
  1       1.75000000      10.89056250      32.27670184       1.30517430 
  1       1.75000000      28.31546250      31.43834595       1.30650230 
  1       1.75000000      20.08703750      37.30683720       1.31024952 
  1       1.75000000      15.48880000      33.53423568       1.29827475 
  1       1.75000000      34.60778750      14.67122811       1.31326677 
  1       1.75000000      -9.68050000      50.30135353       1.33290016 
  1       1.75000000      20.08703750      23.89314292       1.30866804 
  1       1.75000000      39.69005000      23.47396498       1.31202481 
  1       1.75000000      24.20125000      12.57533838       1.29865535 
  1       1.75000000      28.55747500      54.49313299       1.28836717 
  1       1.75000000      29.76753750       4.61095741       1.31612513 
  1       1.75000000      52.75872500       6.70684714       1.29683873 
  1       1.75000000      22.74917500      34.37259158       1.30896297 
  1       1.75000000      -9.68050000      33.53423569       1.33624518 
  1       1.75000000      41.38413750      12.15616043       1.32312110 
  1       1.75000000     -13.55270000      23.47396498       1.31202481 
  1       1.75000000      -2.42012500      48.62464175       1.32022450 
  1       1.75000000       3.87220000      31.85752390       1.28844370 
  1       1.75000000     -15.73081250      35.63012542       1.29916364 
  1       1.75000000      49.12853750       1.25753384       1.31271016 
  1       1.75000000      -5.80830000      13.41369427       1.31001193 
  1       1.75000000     -23.23320000      47.78628585       1.30881306 
  1       1.75000000      12.34263750      10.47944865       1.32045605 
  1       1.75000000      36.54388750      38.98354899       1.30915777 
  1       1.75000000      22.99118750      50.72053148       1.30519280 
  1       1.75000000      13.55270000      27.66574444       1.30255576 
  1       1.75000000      17.66691250      28.92327827       1.31403068 
  1       1.75000000      10.40653750      42.33697256       1.30640379 
  1       1.75000000      -6.05031250      18.86300757       1.29916364 
  1       1.75000000      38.23797500      17.60547373       1.29767814 
  1       1.75000000      41.38413750      29.76163417       1.32441539 
  1       1.75000000       4.84025000      15.09040606       1.30850255 
  1       1.75000000       9.68050000      23.47396498       1.30850255 
  1       1.75000000      31.46162500      36.04930337       1.30850255 
  1       1.75000000      24.44326250      29.76163417       1.31304345 
  1       1.75000000      45.74036250      10.47944865       1.31526974 
  1       1.75000000       6.05031250      35.63012542       1.29878755 
  1       1.75000000       8.71245000       1.67671178       1.28872038 
  1       1.75000000       0.24201250      43.17532845       1.30915777 
  1       1.75000000      15.48880000       8.38355892       1.29827715 
  1       1.75000000      38.47998750       5.44931330       1.31745467 
  1       1.75000000      16.45685000      46.94792996       1.29768156 
  1       1.75000000      -3.14616250      24.73149881       1.29016930 
  1       1.75000000      13.31068750      54.07395504       1.29938855 
  1       1.75000000      30.49357500      49.46299764       1.30720123 
  1       1.75000000      -1.45207500      34.37259158       1.30896297 
  1       1.75000000      16.45685000       0.83835589       1.31527398 
  1       1.75000000      17.90892500      41.91779461       1.30872012 
  1       1.75000000     -13.55270000      31.85752390       1.31202481 
  1       1.75000000     -10.16452500      44.43286229       1.31114088 
  1       1.75000000      21.53911250       3.77260151       1.31863385 
  1       1.75000000     -10.64855000      39.40272693       1.31301745 
  1       1.75000000     -17.90892500      39.40272693       1.28872036 
  1       1.75000000      42.83621250       3.77260151       1.29016930 
  1       1.75000000      25.41131250      18.86300757       1.29878755 
  1       1.75000000      56.87293750       2.09588973       1.29916403 
  1       1.75000000      24.92728750      40.66026077       1.30866804 
  1       1.75000000      19.36100000      10.06027070       1.30689312 
  1       1.75000000      45.01432500      29.34245622       1.31267578 
  1       1.75000000      -5.08226250      52.39724326       1.30429739 
  1       1.75000000       9.92251250       6.28766919       1.32045605 
  1       1.75000000      11.37458750      50.72053148       1.29693382 
  1       1.75000000      30.25156250      13.83287222       1.29749309 
  1       1.75000000      13.31068750      14.67122811       1.29878755 
  1       1.75000000     -24.20125000      52.81642121       1.32022450 
  1       1.75000000       5.56628750      27.24656649       1.30255261 
  1       1.75000000      39.20602500      33.53423569       1.32021191 
  1       1.75000000      35.09181250      33.11505773       1.29938855 
  1       1.75000000      56.38891250       6.28766919       1.30255261 
  1       1.75000000      28.79948750      23.89314292       1.29479982 
  1       1.75000000      26.13735000      48.62464175       1.31114088 
  1       1.75000000      -2.90415000      20.95889730       1.32281779 
  1       1.75000000       0.72603750      52.39724326       1.30255261 
  1       1.75000000     -20.57106250      43.17532845       1.29749309 
  1       1.75000000     -10.40653750      20.53971935       1.29016930 
  1       1.75000000      45.74036250      19.70136346       1.29479982 
  1       1.75000000      11.61660000      19.28218552       1.29683873 
  1       1.75000000      49.37055000      18.44382962       1.31170195 
  1       1.75000000      35.81785000       8.38355892       1.28836761 
  1       1.75000000      22.99118750       0.41917795       1.30519280 
  1       1.75000000      25.89533750       4.61095741       1.30428718 
  1       1.75000000     -27.83143750      54.07395504       1.30904047 
  1       1.75000000      24.20125000      25.15067676       1.33624518 
  1       1.75000000      28.31546250       9.64109276       1.28707456 
  1       1.75000000       4.11421250      50.72053148       1.30428718 
  1       1.75000000      34.36577500      20.12054141       1.31253855 
  1       1.75000000     -15.00477500      48.62464175       1.29683873 
  1       1.75000000      52.03268750      10.47944865       1.29916364 
  1       1.75000000       4.59823750      18.86300757       1.30429739 
  1       1.75000000      21.29710000      27.66574444       1.29683873 
  1       1.75000000      38.72200000      41.91779461       1.33624260 
  1       1.75000000       4.59823750       7.12602508       1.29479982 
  1       1.75000000      13.06867500       2.51506768       1.30727209 
  1       1.75000000      32.91370000      25.15067676       1.30829403 
  1       1.75000000       2.42012500      46.10957407       1.33290016 
  1       1.75000000      34.60778750       2.93424562       1.30504089 
  1       1.75000000      43.56225000      23.47396498       1.30850255 
