 Pt           R                 X                Y               E
  3       2.98361137      29.76753750      76.70956413       0.94983639 
  3       2.98699161      21.29710000      63.71504780       0.95949123 
  3       3.10320453      84.70437500      15.09040606       0.95054819 
  3       2.98633592      76.71796250      59.94244629       0.95969046 
  3       2.98702001     101.64525000      18.44382962       0.95970682 
  3       2.97561209     -15.00477500      62.87669191       0.95418000 
  3       2.98667235     111.80977500       2.51506768       0.95968591 
  3       2.98699161       2.17811250      85.09312305       0.95949123 
  3       2.97042544     -24.20125000      78.80545386       0.95472066 
  3       2.98702001      12.34263750     101.02188501       0.95970682 
  3       2.97561209      73.08777500       4.19177946       0.95418000 
  3       2.98699161      46.95042500      41.07943872       0.95949123 
  3       3.13507762      21.78112500      13.41369427       0.96177741 
  3       2.98361137      95.59493750      25.56985471       0.94983639 
  3       3.13507762      -6.29232500      21.79725319       0.96177741 
  3       2.98633592     -19.11898750      34.79176953       0.95969046 
  3       2.97561209      62.19721250      71.67942878       0.95418000 
  3       2.98699161      10.89056250      34.79176953       0.95949123 
  3       2.97592016     -50.33860000      88.86572456       0.95061838 
  3       2.97042544      52.03268750      25.56985471       0.95472066 
  3       3.10320453     -18.63496250      42.33697256       0.95054819 
  3       2.97440047      13.55270000      83.83558921       0.95417737 
  3       2.97592016     -39.20602500      83.83558921       0.95061838 
  3       2.97042544      32.18766250      25.56985471       0.95472066 
  3       2.97440047      45.74036250      99.34517322       0.95417737 
  3       2.98633592      74.05582500      33.53423568       0.95969046 
  3       2.98699161      90.02865000      28.50410033       0.95949123 
  3       2.97440047     -18.87697500     102.27941884       0.95417737 
  3       2.98633592      48.40250000      71.26025083       0.95969046 
  3       2.90420026      26.62137500       0.00000000       0.96192135 
  3       2.97042544     -24.44326250      68.32600521       0.95472066 
  3       2.98702001      44.04627500      66.23011548       0.95970682 
  3       2.97042544       7.01836250      59.10409040       0.95472066 
  3       2.98702001      65.82740000      28.50410033       0.95970682 
  3       2.90420026      52.75872500       5.86849124       0.96192135 
  3       2.98667235      42.83621250      54.91231094       0.95968591 
  3       2.90420026      15.48880000      73.77531851       0.96192135 
  3       2.90420026      31.70363750      90.12325840       0.96192135 
  3       2.97561209      65.34337500      51.97806531       0.95418000 
  3       2.98633592      65.34337500      42.75615050       0.95969046 
  3       2.98699161       7.98641250      20.53971935       0.95949123 
  3       2.98702001     109.87367500      16.76711784       0.95970682 
  3       2.97561209      34.36577500      49.46299764       0.95418000 
  3       2.98361137      17.90892500      31.01916800       0.94983639 
  3       2.98702001     -28.79948750      88.44654662       0.95970682 
  3       2.97592016      77.20198750      42.33697256       0.95061838 
  3       2.97440047      45.25633750      90.12325840       0.95417737 
  3       3.10320453      32.42967500      68.74518315       0.95054819 
  3       2.90420026      56.63092500      17.60547373       0.96192135 
  3       2.97592016      70.18362500      63.71504780       0.95061838 
  3       2.98667235      37.02791250      18.86300757       0.95968591 
  3       2.98361137      94.86890000       0.00000000       0.94983639 
  3       2.98361137      58.32501250      81.73969948       0.94983639 
  3       3.13507762     -41.14212500     104.79448652       0.96177741 
  3       2.98633592      66.55343750       2.93424562       0.95969046 
  3       2.97042544      91.23871250      11.31780454       0.95472066 
  3       3.13507762      10.89056250      90.12325840       0.96177741 
  3       2.98702001      43.56225000      33.53423569       0.95970682 
  3       2.90420026      -6.29232500      40.24108283       0.96192135 
  3       2.97592016      53.72677500      52.81642121       0.95061838 
  3       2.97561209      75.02387500      15.92876195       0.95418000 
  3       2.97561209      91.23871250      51.55888737       0.95418000 
  3       2.98633592      35.09181250      81.73969948       0.95969046 
  3       2.90420026      -4.84025000      33.53423568       0.96192135 
  3       2.98361137      55.17885000      34.37259158       0.94983639 
  3       3.10320453     -40.65810000      96.41092759       0.95054819 
  3       2.98699161      23.95923750      71.67942878       0.95949123 
  3       2.97592016      80.59016250       5.44931330       0.95061838 
  3       2.98699161     -45.74036250      79.22463180       0.95949123 
  3       2.97440047       2.66213750      28.92327827       0.95417737 
  3       2.98699161      13.31068750      23.89314292       0.95949123 
  3       3.13507762      36.05986250       9.64109276       0.96177741 
  3       2.98702001      14.52075000      55.33148888       0.95970682 
  3       2.98361137      13.31068750       9.64109276       0.94983639 
  3       3.13507762       0.96805000      61.19998013       0.96177741 
  3       2.98361137      -6.53433750      97.66846144       0.94983639 
  3       2.98702001      -3.38817500      47.78628585       0.95970682 
  3       2.98699161       6.53433750      77.54792002       0.95949123 
  3       2.97440047      28.07345000      60.36162423       0.95417737 
  3       2.97561209      93.17481250      34.79176953       0.95418000 
  3       2.98699161      64.85935000      83.83558921       0.95949123 
  3       3.10320453      12.34263750      64.97258164       0.95054819 
  3       2.90420026      28.79948750      33.95341364       0.96192135 
  3       3.10320453     -34.60778750      59.94244629       0.95054819 
  3       2.98699161      24.44326250      46.52875202       0.95949123 
  3       2.97440047      18.87697500      95.57257170       0.95417737 
  3       2.97440047      12.10062500       2.51506768       0.95417737 
  3       2.97592016      55.90488750     101.86024090       0.95061838 
  3       2.97042544      52.75872500      86.35065689       0.95472066 
  3       2.98702001      73.08777500      25.15067676       0.95970682 
  3       2.98699161      29.04150000      98.08763938       0.95949123 
  3       2.97042544      23.23320000     100.60270706       0.95472066 
  3       2.97440047      45.25633750       4.61095741       0.95417737 
  3       2.98361137     103.58135000       5.03013535       0.94983639 
  3       3.13507762      60.26111250       4.61095741       0.96177741 
  3       2.98699161      -0.48402500      76.29038618       0.95949123 
  3       2.97440047     -13.31068750      84.25476716       0.95417737 
  3       2.98633592      -4.59823750      81.73969948       0.95969046 
  3       2.97592016      83.49431250      23.89314292       0.95061838 
  3       2.90420026      72.36173750      50.72053148       0.96192135 
