 Pt           R                 X                Y               E
  2       2.79100264       0.00000000       0.00000000       1.12859649 
  2       2.79114648       0.00000000       0.00000000       1.12859725 
  2       2.73305264       0.00000000       0.00000000       1.12928328 
  2       2.78843079       0.00000000       0.00000000       1.12928439 
  2       2.81726766       0.00000000       0.00000000       1.14117534 
  2       2.81883172       0.00000000       0.00000000       1.14123858 
  2       2.79021837       0.00000000       0.00000000       1.14179444 
  2       2.79231593       0.00000000       0.00000000       1.14181141 
  3       2.98361137       0.00000000       0.00000000       0.94983639 
  3       3.10320453       0.00000000       0.00000000       0.95054819 
  3       2.97592016       0.00000000       0.00000000       0.95061838 
  3       2.97440047       0.00000000       0.00000000       0.95417737 
  3       2.97561209       0.00000000       0.00000000       0.95418000 
  3       2.97042544       0.00000000       0.00000000       0.95472066 
  3       2.98699161       0.00000000       0.00000000       0.95949123 
  3       2.98667235       0.00000000       0.00000000       0.95968591 
  3       2.98633592       0.00000000       0.00000000       0.95969046 
  3       2.98702001       0.00000000       0.00000000       0.95970682 
  3       3.13507762       0.00000000       0.00000000       0.96177741 
  3       2.90420026       0.00000000       0.00000000       0.96192135 
  4       3.40871735       0.00000000       0.00000000       0.76719351 
  4       3.40532512       0.00000000       0.00000000       0.76744319 
  4       3.40600913       0.00000000       0.00000000       0.76744154 
  4       3.40575678       0.00000000       0.00000000       0.76744277 
  4       3.80705530       0.00000000       0.00000000       0.76884763 
  4       3.80781109       0.00000000       0.00000000       0.76884965 
  5       4.20564574       0.00000000       0.00000000       0.56915931 
  5       4.20609141       0.00000000       0.00000000       0.56916098 
  5       3.36972158       0.00000000       0.00000000       0.57035311 
  5       4.20831736       0.00000000       0.00000000       0.57117317 
  5       3.37496538       0.00000000       0.00000000       0.57185810 
  5       3.32086807       0.00000000       0.00000000       0.57278937 
  5       3.41465927       0.00000000       0.00000000       0.57352190 
  5       4.21767649       0.00000000       0.00000000       0.57449383 
  5       3.55393743       0.00000000       0.00000000       0.57599677 
  5       4.22288627       0.00000000       0.00000000       0.57894476 
  5       4.07599753       0.00000000       0.00000000       0.57898836 
  5       4.19531181       0.00000000       0.00000000       0.57901575 
  5       4.13517505       0.00000000       0.00000000       0.57923960 
  5       3.96464630       0.00000000       0.00000000       0.58003551 
  5       3.95519852       0.00000000       0.00000000       0.58007359 
  5       4.12011909       0.00000000       0.00000000       0.58073439 
  5       3.85085560       0.00000000       0.00000000       0.58127293 
  5       3.84258034       0.00000000       0.00000000       0.58153200 
  5       4.19670411       0.00000000       0.00000000       0.58207156 
  6       4.28919697       0.00000000       0.00000000       0.37688221 
  6       4.14839347       0.00000000       0.00000000       0.38046857 
  6       4.17721450       0.00000000       0.00000000       0.38930451 
  6       4.18055781       0.00000000       0.00000000       0.38931809 
  7       4.27667410       0.00000000       0.00000000       0.16949534 
  7       4.56780096       0.00000000       0.00000000       0.17216772 
  7       4.23757940       0.00000000       0.00000000       0.17781069 
  7       4.39487018       0.00000000       0.00000000       0.17937308 
  7       4.22717566       0.00000000       0.00000000       0.18004505 
  7       4.98654557       0.00000000       0.00000000       0.18359426 
  7       4.56976816       0.00000000       0.00000000       0.18386071 
  7       4.63064528       0.00000000       0.00000000       0.18419310 
  7       4.74374118       0.00000000       0.00000000       0.18382938 
  7       4.50218286       0.00000000       0.00000000       0.18042367 
  7       4.36580910       0.00000000       0.00000000       0.17866330 
  8       5.23684571       0.00000000       0.00000000       0.00000000 
  8       4.61251355       0.00000000       0.00000000       0.01055526 
  8       4.62601100       0.00000000       0.00000000       0.01332663   
  9       4.54390653       0.00000000       0.00000000      -0.18721922 
 10       4.67752275       0.00000000       0.00000000      -0.37783786 
 11       4.81113896       0.00000000       0.00000000      -0.56845649 
 12       4.94475518       0.00000000       0.00000000      -0.75907513 
 13       5.07837140       0.00000000       0.00000000      -0.94969377 
 14       5.53947861       0.00000000       0.00000000      -1.14031241 
 15       5.96875916       0.00000000       0.00000000      -1.33093104 
 16       6.37032429       0.00000000       0.00000000      -1.52154968 
 17       6.74753675       0.00000000       0.00000000      -1.71216832 
 18       7.10318211       0.00000000       0.00000000      -1.90278696 
 19       7.43959377       0.00000000       0.00000000      -2.09340560 
 20       7.75874578       0.00000000       0.00000000      -2.28402423 
 21       8.06232306       0.00000000       0.00000000      -2.47464287 
 22       8.35177525       0.00000000       0.00000000      -2.66526151 
 23       8.62835856       0.00000000       0.00000000      -2.85588015 
 24       8.89316874       0.00000000       0.00000000      -3.04649878 
 25       9.14716727       0.00000000       0.00000000      -3.23711742 
 26       9.39120247       0.00000000       0.00000000      -3.42773606 
 27       9.62602656       0.00000000       0.00000000      -3.61835470 
 28       9.85230968       0.00000000       0.00000000      -3.80897334 
 29      10.07065138       0.00000000       0.00000000      -3.99959197 
 30      10.28159023       0.00000000       0.00000000      -4.19021061 
 31      10.48561179       0.00000000       0.00000000      -4.38082925 
 32      10.68315536       0.00000000       0.00000000      -4.57144789 
 33      10.87461970       0.00000000       0.00000000      -4.76206652 
 34      11.06036782       0.00000000       0.00000000      -4.95268516 
 35      11.24073117       0.00000000       0.00000000      -5.14330380 
 36      11.41601319       0.00000000       0.00000000      -5.33392244 
 37      11.58649234       0.00000000       0.00000000      -5.52454108 
 38      11.75242484       0.00000000       0.00000000      -5.71515971 
 39      11.91404692       0.00000000       0.00000000      -5.90577835 
 40      12.07157685       0.00000000       0.00000000      -6.09639699 
 41      12.22521676       0.00000000       0.00000000      -6.28701563 
 42      12.37515413       0.00000000       0.00000000      -6.47763426 
 43      12.52156324       0.00000000       0.00000000      -6.66825290 
 44      12.66460632       0.00000000       0.00000000      -6.85887154 
 45      12.80443468       0.00000000       0.00000000      -7.04949018 
 46      12.94118963       0.00000000       0.00000000      -7.24010882 
 47      13.07500339       0.00000000       0.00000000      -7.43072745 
 48      13.20599981       0.00000000       0.00000000      -7.62134609 
 49      13.33429508       0.00000000       0.00000000      -7.81196473 
 50      13.45999834       0.00000000       0.00000000      -8.00258337 
 51      13.58321227       0.00000000       0.00000000      -8.19320200 
 52      13.70403354       0.00000000       0.00000000      -8.38382064 
 53      13.82255332       0.00000000       0.00000000      -8.57443928 
 54      13.93885764       0.00000000       0.00000000      -8.76505792 
 55      14.05302781       0.00000000       0.00000000      -8.95567656 
 56      14.16514075       0.00000000       0.00000000      -9.14629519 
 57      14.27526929       0.00000000       0.00000000      -9.33691383 
 58      14.38348246       0.00000000       0.00000000      -9.52753247 
 59      14.48984573       0.00000000       0.00000000      -9.71815111 
 60      14.59442130       0.00000000       0.00000000      -9.90876974 
 61      14.69726827       0.00000000       0.00000000     -10.09938838 
 62      14.79844286       0.00000000       0.00000000     -10.29000702 
 63      14.89799858       0.00000000       0.00000000     -10.48062566 
 64      14.99598643       0.00000000       0.00000000     -10.67124430 
 65      15.09245503       0.00000000       0.00000000     -10.86186293 
 66      15.18745077       0.00000000       0.00000000     -11.05248157 
 67      15.28101795       0.00000000       0.00000000     -11.24310021 
 68      15.37319889       0.00000000       0.00000000     -11.43371885 
 69      15.46403408       0.00000000       0.00000000     -11.62433748 
 70      15.55356225       0.00000000       0.00000000     -11.81495612 
 71      15.64182046       0.00000000       0.00000000     -12.00557476 
 72      15.72884426       0.00000000       0.00000000     -12.19619340 
 73      15.81466769       0.00000000       0.00000000     -12.38681204 
 74      15.89932342       0.00000000       0.00000000     -12.57743067 
 75      15.98284279       0.00000000       0.00000000     -12.76804931 
 76      16.06525592       0.00000000       0.00000000     -12.95866795 
 77      16.14659172       0.00000000       0.00000000     -13.14928659 
 78      16.22687799       0.00000000       0.00000000     -13.33990522 
 79      16.30614148       0.00000000       0.00000000     -13.53052386 
 80      16.38440792       0.00000000       0.00000000     -13.72114250 
 81      16.46170209       0.00000000       0.00000000     -13.91176114 
 82      16.53804783       0.00000000       0.00000000     -14.10237978 
 83      16.61346815       0.00000000       0.00000000     -14.29299841 
 84      16.68798520       0.00000000       0.00000000     -14.48361705 
 85      16.76162038       0.00000000       0.00000000     -14.67423569 
 86      16.83439431       0.00000000       0.00000000     -14.86485433 
 87      16.90632691       0.00000000       0.00000000     -15.05547296 
 88      16.97743739       0.00000000       0.00000000     -15.24609160 
 89      17.04774436       0.00000000       0.00000000     -15.43671024 
 90      17.11726575       0.00000000       0.00000000     -15.62732888 
 91      17.18601894       0.00000000       0.00000000     -15.81794752 
 92      17.25402071       0.00000000       0.00000000     -16.00856615 
 93      17.32128731       0.00000000       0.00000000     -16.19918479 
 94      17.38783446       0.00000000       0.00000000     -16.38980343 
 95      17.45367741       0.00000000       0.00000000     -16.58042207 
 96      17.51883088       0.00000000       0.00000000     -16.77104070 
 97      17.58330918       0.00000000       0.00000000     -16.96165934 
 98      17.64712615       0.00000000       0.00000000     -17.15227798 
 99      17.71029522       0.00000000       0.00000000     -17.34289662 
100      17.77282941       0.00000000       0.00000000     -17.53351526 
101      17.83474137       0.00000000       0.00000000     -17.72413389 
102      17.89604334       0.00000000       0.00000000     -17.91475253 
103      17.95674724       0.00000000       0.00000000     -18.10537117 
104      18.01686461       0.00000000       0.00000000     -18.29598981 
105      18.07640669       0.00000000       0.00000000     -18.48660844 
106      18.13538439       0.00000000       0.00000000     -18.67722708 
107      18.19380829       0.00000000       0.00000000     -18.86784572 
108      18.25168871       0.00000000       0.00000000     -19.05846436 
109      18.30903566       0.00000000       0.00000000     -19.24908300 
110      18.36585888       0.00000000       0.00000000     -19.43970163 
111      18.42216787       0.00000000       0.00000000     -19.63032027 
112      18.47797183       0.00000000       0.00000000     -19.82093891 
113      18.53327975       0.00000000       0.00000000     -20.01155755 
114      18.58810037       0.00000000       0.00000000     -20.20217618 
115      18.64244220       0.00000000       0.00000000     -20.39279482 
116      18.69631353       0.00000000       0.00000000     -20.58341346 
117      18.74972244       0.00000000       0.00000000     -20.77403210 
118      18.80267680       0.00000000       0.00000000     -20.96465074 
119      18.85518429       0.00000000       0.00000000     -21.15526937 
120      18.90725237       0.00000000       0.00000000     -21.34588801 
121      18.95888835       0.00000000       0.00000000     -21.53650665 
122      19.01009934       0.00000000       0.00000000     -21.72712529 
123      19.06089228       0.00000000       0.00000000     -21.91774392 
124      19.11127393       0.00000000       0.00000000     -22.10836256 
125      19.16125090       0.00000000       0.00000000     -22.29898120 
126      19.21082965       0.00000000       0.00000000     -22.48959984 
127      19.26001647       0.00000000       0.00000000     -22.68021848 
128      19.30881751       0.00000000       0.00000000     -22.87083711 
129      19.35723876       0.00000000       0.00000000     -23.06145575 
130      19.40528610       0.00000000       0.00000000     -23.25207439 
131      19.45296526       0.00000000       0.00000000     -23.44269303 
132      19.50028184       0.00000000       0.00000000     -23.63331166 
133      19.54724131       0.00000000       0.00000000     -23.82393030 
134      19.59384902       0.00000000       0.00000000     -24.01454894 
135      19.64011020       0.00000000       0.00000000     -24.20516758 
136      19.68602996       0.00000000       0.00000000     -24.39578622 
137      19.73161332       0.00000000       0.00000000     -24.58640485 
138      19.77686515       0.00000000       0.00000000     -24.77702349 
139      19.82179026       0.00000000       0.00000000     -24.96764213 
140      19.86639332       0.00000000       0.00000000     -25.15826077 
141      19.91067891       0.00000000       0.00000000     -25.34887940 
142      19.95465154       0.00000000       0.00000000     -25.53949804 
143      19.99831557       0.00000000       0.00000000     -25.73011668 
144      20.04167533       0.00000000       0.00000000     -25.92073532 
145      20.08473502       0.00000000       0.00000000     -26.11135396 
146      20.12749876       0.00000000       0.00000000     -26.30197259 
147      20.16997060       0.00000000       0.00000000     -26.49259123 
148      20.21215449       0.00000000       0.00000000     -26.68320987 
149      20.25405431       0.00000000       0.00000000     -26.87382851 
150      20.29567386       0.00000000       0.00000000     -27.06444714 
151      20.33701687       0.00000000       0.00000000     -27.25506578 
152      20.37808699       0.00000000       0.00000000     -27.44568442 
153      20.41888779       0.00000000       0.00000000     -27.63630306 
154      20.45942279       0.00000000       0.00000000     -27.82692170 
155      20.49969542       0.00000000       0.00000000     -28.01754033 
156      20.53970906       0.00000000       0.00000000     -28.20815897 
157      20.57946703       0.00000000       0.00000000     -28.39877761 
158      20.61897255       0.00000000       0.00000000     -28.58939625 
159      20.65822884       0.00000000       0.00000000     -28.78001488 
160      20.69723900       0.00000000       0.00000000     -28.97063352 
161      20.73600610       0.00000000       0.00000000     -29.16125216 
162      20.77453316       0.00000000       0.00000000     -29.35187080 
163      20.81282312       0.00000000       0.00000000     -29.54248944 
164      20.85087890       0.00000000       0.00000000     -29.73310807 
165      20.88870333       0.00000000       0.00000000     -29.92372671 
166      20.92629922       0.00000000       0.00000000     -30.11434535 
167      20.96366930       0.00000000       0.00000000     -30.30496399 
168      21.00081628       0.00000000       0.00000000     -30.49558262 
169      21.03774279       0.00000000       0.00000000     -30.68620126 
170      21.07445146       0.00000000       0.00000000     -30.87681990 
171      21.11094481       0.00000000       0.00000000     -31.06743854 
172      21.14722538       0.00000000       0.00000000     -31.25805718 
173      21.18329563       0.00000000       0.00000000     -31.44867581 
174      21.21915798       0.00000000       0.00000000     -31.63929445 
175      21.25481481       0.00000000       0.00000000     -31.82991309 
176      21.29026847       0.00000000       0.00000000     -32.02053173 
177      21.32552125       0.00000000       0.00000000     -32.21115036 
178      21.36057543       0.00000000       0.00000000     -32.40176900 
179      21.39543322       0.00000000       0.00000000     -32.59238764 
180      21.43009682       0.00000000       0.00000000     -32.78300628 
181      21.46456838       0.00000000       0.00000000     -32.97362492 
182      21.49885001       0.00000000       0.00000000     -33.16424355 
183      21.53294379       0.00000000       0.00000000     -33.35486219 
184      21.56685178       0.00000000       0.00000000     -33.54548083 
185      21.60057598       0.00000000       0.00000000     -33.73609947 
186      21.63411838       0.00000000       0.00000000     -33.92671810 
187      21.66748092       0.00000000       0.00000000     -34.11733674 
188      21.70066554       0.00000000       0.00000000     -34.30795538 
189      21.73367410       0.00000000       0.00000000     -34.49857402 
190      21.76650848       0.00000000       0.00000000     -34.68919266 
191      21.79917050       0.00000000       0.00000000     -34.87981129 
192      21.83166195       0.00000000       0.00000000     -35.07042993 
193      21.86398462       0.00000000       0.00000000     -35.26104857 
194      21.89614025       0.00000000       0.00000000     -35.45166721 
195      21.92813055       0.00000000       0.00000000     -35.64228584 
196      21.95995722       0.00000000       0.00000000     -35.83290448 
197      21.99162192       0.00000000       0.00000000     -36.02352312 
198      22.02312629       0.00000000       0.00000000     -36.21414176 
199      22.05447195       0.00000000       0.00000000     -36.40476040 
200      22.08566049       0.00000000       0.00000000     -36.59537903 
201      22.11669347       0.00000000       0.00000000     -36.78599767 
202      22.14757244       0.00000000       0.00000000     -36.97661631 
203      22.17829892       0.00000000       0.00000000     -37.16723495 
204      22.20887441       0.00000000       0.00000000     -37.35785358 
205      22.23930039       0.00000000       0.00000000     -37.54847222 
206      22.26957831       0.00000000       0.00000000     -37.73909086 
207      22.29970960       0.00000000       0.00000000     -37.92970950 
208      22.32969569       0.00000000       0.00000000     -38.12032814 
209      22.35953795       0.00000000       0.00000000     -38.31094677 
210      22.38923777       0.00000000       0.00000000     -38.50156541 
211      22.41879649       0.00000000       0.00000000     -38.69218405 
212      22.44821546       0.00000000       0.00000000     -38.88280269 
213      22.47749598       0.00000000       0.00000000     -39.07342132 
214      22.50663936       0.00000000       0.00000000     -39.26403996 
215      22.53564687       0.00000000       0.00000000     -39.45465860 
216      22.56451978       0.00000000       0.00000000     -39.64527724 
217      22.59325932       0.00000000       0.00000000     -39.83589588 
218      22.62186673       0.00000000       0.00000000     -40.02651451 
219      22.65034321       0.00000000       0.00000000     -40.21713315 
220      22.67868996       0.00000000       0.00000000     -40.40775179 
221      22.70690815       0.00000000       0.00000000     -40.59837043 
222      22.73499894       0.00000000       0.00000000     -40.78898906 
223      22.76296348       0.00000000       0.00000000     -40.97960770 
224      22.79080290       0.00000000       0.00000000     -41.17022634 
225      22.81851831       0.00000000       0.00000000     -41.36084498 
226      22.84611082       0.00000000       0.00000000     -41.55146362 
227      22.87358150       0.00000000       0.00000000     -41.74208225 
228      22.90093144       0.00000000       0.00000000     -41.93270089 
229      22.92816168       0.00000000       0.00000000     -42.12331953 
230      22.95527327       0.00000000       0.00000000     -42.31393817 
231      22.98226724       0.00000000       0.00000000     -42.50455680 
232      23.00914460       0.00000000       0.00000000     -42.69517544 
233      23.03590636       0.00000000       0.00000000     -42.88579408 
234      23.06255351       0.00000000       0.00000000     -43.07641272 
235      23.08908703       0.00000000       0.00000000     -43.26703136 
236      23.11550787       0.00000000       0.00000000     -43.45764999 
237      23.14181700       0.00000000       0.00000000     -43.64826863 
238      23.16801536       0.00000000       0.00000000     -43.83888727 
239      23.19410387       0.00000000       0.00000000     -44.02950591 
240      23.22008344       0.00000000       0.00000000     -44.22012454 
241      23.24595500       0.00000000       0.00000000     -44.41074318 
242      23.27171943       0.00000000       0.00000000     -44.60136182 
243      23.29737761       0.00000000       0.00000000     -44.79198046 
244      23.32293041       0.00000000       0.00000000     -44.98259910 
245      23.34837871       0.00000000       0.00000000     -45.17321773 
246      23.37372335       0.00000000       0.00000000     -45.36383637 
247      23.39896517       0.00000000       0.00000000     -45.55445501 
248      23.42410500       0.00000000       0.00000000     -45.74507365 
249      23.44914367       0.00000000       0.00000000     -45.93569228 
250      23.47408198       0.00000000       0.00000000     -46.12631092 
251      23.49892073       0.00000000       0.00000000     -46.31692956 
252      23.52366073       0.00000000       0.00000000     -46.50754820 
253      23.54830274       0.00000000       0.00000000     -46.69816684 
254      23.57284754       0.00000000       0.00000000     -46.88878547 
255      23.59729590       0.00000000       0.00000000     -47.07940411 
256      23.62164858       0.00000000       0.00000000     -47.27002275 
257      23.64590631       0.00000000       0.00000000     -47.46064139 
258      23.67006983       0.00000000       0.00000000     -47.65126002 
259      23.69413988       0.00000000       0.00000000     -47.84187866 
260      23.71811718       0.00000000       0.00000000     -48.03249730 
261      23.74200243       0.00000000       0.00000000     -48.22311594 
262      23.76579634       0.00000000       0.00000000     -48.41373458 
263      23.78949960       0.00000000       0.00000000     -48.60435321 
264      23.81311291       0.00000000       0.00000000     -48.79497185 
265      23.83663695       0.00000000       0.00000000     -48.98559049 
266      23.86007238       0.00000000       0.00000000     -49.17620913 
267      23.88341988       0.00000000       0.00000000     -49.36682776 
268      23.90668009       0.00000000       0.00000000     -49.55744640 
269      23.92985368       0.00000000       0.00000000     -49.74806504 
270      23.95294127       0.00000000       0.00000000     -49.93868368 
271      23.97594352       0.00000000       0.00000000     -50.12930232 
272      23.99886104       0.00000000       0.00000000     -50.31992095 
273      24.02169446       0.00000000       0.00000000     -50.51053959 
274      24.04444439       0.00000000       0.00000000     -50.70115823 
275      24.06711145       0.00000000       0.00000000     -50.89177687 
276      24.08969623       0.00000000       0.00000000     -51.08239550 
277      24.11219933       0.00000000       0.00000000     -51.27301414 
278      24.13462133       0.00000000       0.00000000     -51.46363278 
279      24.15696283       0.00000000       0.00000000     -51.65425142 
280      24.17922439       0.00000000       0.00000000     -51.84487006 
281      24.20140659       0.00000000       0.00000000     -52.03548869 
282      24.22350999       0.00000000       0.00000000     -52.22610733 
283      24.24553514       0.00000000       0.00000000     -52.41672597 
284      24.26748261       0.00000000       0.00000000     -52.60734461 
285      24.28935293       0.00000000       0.00000000     -52.79796324 
286      24.31114665       0.00000000       0.00000000     -52.98858188 
287      24.33286429       0.00000000       0.00000000     -53.17920052 
288      24.35450640       0.00000000       0.00000000     -53.36981916 
289      24.37607350       0.00000000       0.00000000     -53.56043780 
290      24.39756609       0.00000000       0.00000000     -53.75105643 
291      24.41898470       0.00000000       0.00000000     -53.94167507 
292      24.44032983       0.00000000       0.00000000     -54.13229371 
293      24.46160199       0.00000000       0.00000000     -54.32291235 
294      24.48280167       0.00000000       0.00000000     -54.51353098 
295      24.50392936       0.00000000       0.00000000     -54.70414962 
296      24.52498556       0.00000000       0.00000000     -54.89476826 
297      24.54597074       0.00000000       0.00000000     -55.08538690 
298      24.56688538       0.00000000       0.00000000     -55.27600554 
299      24.58772996       0.00000000       0.00000000     -55.46662417 
300      24.60850494       0.00000000       0.00000000     -55.65724281 
301      24.62921078       0.00000000       0.00000000     -55.84786145 
302      24.64984794       0.00000000       0.00000000     -56.03848009 
303      24.67041689       0.00000000       0.00000000     -56.22909872 
304      24.69091806       0.00000000       0.00000000     -56.41971736 
305      24.71135191       0.00000000       0.00000000     -56.61033600 
306      24.73171886       0.00000000       0.00000000     -56.80095464 
307      24.75201937       0.00000000       0.00000000     -56.99157328 
308      24.77225386       0.00000000       0.00000000     -57.18219191 
309      24.79242276       0.00000000       0.00000000     -57.37281055 
310      24.81252649       0.00000000       0.00000000     -57.56342919 
311      24.83256548       0.00000000       0.00000000     -57.75404783 
312      24.85254013       0.00000000       0.00000000     -57.94466646 
313      24.87245087       0.00000000       0.00000000     -58.13528510 
314      24.89229810       0.00000000       0.00000000     -58.32590374 
315      24.91208222       0.00000000       0.00000000     -58.51652238 
316      24.93180363       0.00000000       0.00000000     -58.70714102 
317      24.95146273       0.00000000       0.00000000     -58.89775965 
318      24.97105991       0.00000000       0.00000000     -59.08837829 
319      24.99059556       0.00000000       0.00000000     -59.27899693 
320      25.01007007       0.00000000       0.00000000     -59.46961557 
321      25.02948381       0.00000000       0.00000000     -59.66023420 
322      25.04883717       0.00000000       0.00000000     -59.85085284 
323      25.06813052       0.00000000       0.00000000     -60.04147148 
324      25.08736423       0.00000000       0.00000000     -60.23209012 
325      25.10653867       0.00000000       0.00000000     -60.42270876 
326      25.12565420       0.00000000       0.00000000     -60.61332739 
327      25.14471118       0.00000000       0.00000000     -60.80394603 
328      25.16370997       0.00000000       0.00000000     -60.99456467 
329      25.18265093       0.00000000       0.00000000     -61.18518331 
330      25.20153441       0.00000000       0.00000000     -61.37580194 
331      25.22036074       0.00000000       0.00000000     -61.56642058 
332      25.23913029       0.00000000       0.00000000     -61.75703922 
333      25.25784339       0.00000000       0.00000000     -61.94765786 
334      25.27650037       0.00000000       0.00000000     -62.13827650 
335      25.29510158       0.00000000       0.00000000     -62.32889513 
336      25.31364735       0.00000000       0.00000000     -62.51951377 
337      25.33213800       0.00000000       0.00000000     -62.71013241 
338      25.35057387       0.00000000       0.00000000     -62.90075105 
339      25.36895527       0.00000000       0.00000000     -63.09136968 
340      25.38728253       0.00000000       0.00000000     -63.28198832 
341      25.40555596       0.00000000       0.00000000     -63.47260696 
342      25.42377589       0.00000000       0.00000000     -63.66322560 
343      25.44194262       0.00000000       0.00000000     -63.85384424 
344      25.46005646       0.00000000       0.00000000     -64.04446287 
345      25.47811772       0.00000000       0.00000000     -64.23508151 
346      25.49612670       0.00000000       0.00000000     -64.42570015 
347      25.51408371       0.00000000       0.00000000     -64.61631879 
348      25.53198905       0.00000000       0.00000000     -64.80693742 
349      25.54984301       0.00000000       0.00000000     -64.99755606 
350      25.56764588       0.00000000       0.00000000     -65.18817470 
351      25.58539796       0.00000000       0.00000000     -65.37879334 
352      25.60309954       0.00000000       0.00000000     -65.56941198 
353      25.62075090       0.00000000       0.00000000     -65.76003061 
354      25.63835232       0.00000000       0.00000000     -65.95064925 
355      25.65590410       0.00000000       0.00000000     -66.14126789 
356      25.67340650       0.00000000       0.00000000     -66.33188653 
357      25.69085981       0.00000000       0.00000000     -66.52250516 
358      25.70826429       0.00000000       0.00000000     -66.71312380 
359      25.72562023       0.00000000       0.00000000     -66.90374244 
360      25.74292789       0.00000000       0.00000000     -67.09436108 
361      25.76018754       0.00000000       0.00000000     -67.28497972 
362      25.77739945       0.00000000       0.00000000     -67.47559835 
363      25.79456388       0.00000000       0.00000000     -67.66621699 
364      25.81168108       0.00000000       0.00000000     -67.85683563 
365      25.82875132       0.00000000       0.00000000     -68.04745427 
366      25.84577486       0.00000000       0.00000000     -68.23807290 
367      25.86275195       0.00000000       0.00000000     -68.42869154 
368      25.87968285       0.00000000       0.00000000     -68.61931018 
369      25.89656780       0.00000000       0.00000000     -68.80992882 
370      25.91340705       0.00000000       0.00000000     -69.00054746 
371      25.93020085       0.00000000       0.00000000     -69.19116609 
372      25.94694945       0.00000000       0.00000000     -69.38178473 
373      25.96365308       0.00000000       0.00000000     -69.57240337 
374      25.98031200       0.00000000       0.00000000     -69.76302201 
375      25.99692643       0.00000000       0.00000000     -69.95364064 
376      26.01349661       0.00000000       0.00000000     -70.14425928 
377      26.03002278       0.00000000       0.00000000     -70.33487792 
378      26.04650517       0.00000000       0.00000000     -70.52549656 
379      26.06294402       0.00000000       0.00000000     -70.71611520 
380      26.07933955       0.00000000       0.00000000     -70.90673383 
381      26.09569199       0.00000000       0.00000000     -71.09735247 
382      26.11200157       0.00000000       0.00000000     -71.28797111 
383      26.12826851       0.00000000       0.00000000     -71.47858975 
384      26.14449303       0.00000000       0.00000000     -71.66920838 
385      26.16067535       0.00000000       0.00000000     -71.85982702 
386      26.17681570       0.00000000       0.00000000     -72.05044566 
387      26.19291428       0.00000000       0.00000000     -72.24106430 
388      26.20897132       0.00000000       0.00000000     -72.43168294 
389      26.22498703       0.00000000       0.00000000     -72.62230157 
390      26.24096163       0.00000000       0.00000000     -72.81292021 
391      26.25689531       0.00000000       0.00000000     -73.00353885 
392      26.27278829       0.00000000       0.00000000     -73.19415749 
393      26.28864079       0.00000000       0.00000000     -73.38477612 
394      26.30445299       0.00000000       0.00000000     -73.57539476 
395      26.32022512       0.00000000       0.00000000     -73.76601340 
396      26.33595736       0.00000000       0.00000000     -73.95663204 
397      26.35164993       0.00000000       0.00000000     -74.14725068 
398      26.36730302       0.00000000       0.00000000     -74.33786931 
399      26.38291683       0.00000000       0.00000000     -74.52848795 
400      26.39849156       0.00000000       0.00000000     -74.71910659 
401      26.41402740       0.00000000       0.00000000     -74.90972523 
402      26.42952454       0.00000000       0.00000000     -75.10034386 
403      26.44498318       0.00000000       0.00000000     -75.29096250 
404      26.46040351       0.00000000       0.00000000     -75.48158114 
405      26.47578572       0.00000000       0.00000000     -75.67219978 
406      26.49112999       0.00000000       0.00000000     -75.86281842 
407      26.50643652       0.00000000       0.00000000     -76.05343705 
408      26.52170549       0.00000000       0.00000000     -76.24405569 
409      26.53693707       0.00000000       0.00000000     -76.43467433 
410      26.55213146       0.00000000       0.00000000     -76.62529297 
411      26.56728884       0.00000000       0.00000000     -76.81591160 
412      26.58240938       0.00000000       0.00000000     -77.00653024 
413      26.59749327       0.00000000       0.00000000     -77.19714888 
414      26.61254068       0.00000000       0.00000000     -77.38776752 
415      26.62755178       0.00000000       0.00000000     -77.57838616 
416      26.64252676       0.00000000       0.00000000     -77.76900479 
417      26.65746578       0.00000000       0.00000000     -77.95962343 
418      26.67236902       0.00000000       0.00000000     -78.15024207 
419      26.68723665       0.00000000       0.00000000     -78.34086071 
420      26.70206884       0.00000000       0.00000000     -78.53147934 
421      26.71686575       0.00000000       0.00000000     -78.72209798 
422      26.73162756       0.00000000       0.00000000     -78.91271662 
423      26.74635444       0.00000000       0.00000000     -79.10333526 
424      26.76104653       0.00000000       0.00000000     -79.29395390 
425      26.77570402       0.00000000       0.00000000     -79.48457253 
426      26.79032706       0.00000000       0.00000000     -79.67519117 
427      26.80491581       0.00000000       0.00000000     -79.86580981 
428      26.81947044       0.00000000       0.00000000     -80.05642845 
429      26.83399110       0.00000000       0.00000000     -80.24704708 
430      26.84847795       0.00000000       0.00000000     -80.43766572 
431      26.86293115       0.00000000       0.00000000     -80.62828436 
432      26.87735085       0.00000000       0.00000000     -80.81890300 
433      26.89173722       0.00000000       0.00000000     -81.00952164 
434      26.90609040       0.00000000       0.00000000     -81.20014027 
435      26.92041054       0.00000000       0.00000000     -81.39075891 
436      26.93469780       0.00000000       0.00000000     -81.58137755 
437      26.94895233       0.00000000       0.00000000     -81.77199619 
438      26.96317428       0.00000000       0.00000000     -81.96261482 
439      26.97736380       0.00000000       0.00000000     -82.15323346 
440      26.99152103       0.00000000       0.00000000     -82.34385210 
441      27.00564612       0.00000000       0.00000000     -82.53447074 
442      27.01973922       0.00000000       0.00000000     -82.72508938 
443      27.03380047       0.00000000       0.00000000     -82.91570801 
444      27.04783001       0.00000000       0.00000000     -83.10632665 
445      27.06182799       0.00000000       0.00000000     -83.29694529 
446      27.07579455       0.00000000       0.00000000     -83.48756393 
447      27.08972983       0.00000000       0.00000000     -83.67818256 
448      27.10363397       0.00000000       0.00000000     -83.86880120 
449      27.11750711       0.00000000       0.00000000     -84.05941984 
450      27.13134938       0.00000000       0.00000000     -84.25003848 
451      27.14516093       0.00000000       0.00000000     -84.44065712 
452      27.15894189       0.00000000       0.00000000     -84.63127575 
453      27.17269239       0.00000000       0.00000000     -84.82189439 
454      27.18641258       0.00000000       0.00000000     -85.01251303 
455      27.20010257       0.00000000       0.00000000     -85.20313167 
456      27.21376251       0.00000000       0.00000000     -85.39375030 
457      27.22739253       0.00000000       0.00000000     -85.58436894 
458      27.24099275       0.00000000       0.00000000     -85.77498758 
459      27.25456331       0.00000000       0.00000000     -85.96560622 
460      27.26810434       0.00000000       0.00000000     -86.15622486 
461      27.28161596       0.00000000       0.00000000     -86.34684349 
462      27.29509831       0.00000000       0.00000000     -86.53746213 
463      27.30855150       0.00000000       0.00000000     -86.72808077 
464      27.32197567       0.00000000       0.00000000     -86.91869941 
465      27.33537094       0.00000000       0.00000000     -87.10931804 
466      27.34873743       0.00000000       0.00000000     -87.29993668 
467      27.36207527       0.00000000       0.00000000     -87.49055532 
468      27.37538458       0.00000000       0.00000000     -87.68117396 
469      27.38866549       0.00000000       0.00000000     -87.87179260 
470      27.40191810       0.00000000       0.00000000     -88.06241123 
471      27.41514255       0.00000000       0.00000000     -88.25302987 
472      27.42833895       0.00000000       0.00000000     -88.44364851 
473      27.44150742       0.00000000       0.00000000     -88.63426715 
474      27.45464808       0.00000000       0.00000000     -88.82488578 
475      27.46776104       0.00000000       0.00000000     -89.01550442 
476      27.48084643       0.00000000       0.00000000     -89.20612306 
477      27.49390436       0.00000000       0.00000000     -89.39674170 
478      27.50693494       0.00000000       0.00000000     -89.58736034 
479      27.51993829       0.00000000       0.00000000     -89.77797897 
480      27.53291452       0.00000000       0.00000000     -89.96859761 
481      27.54586374       0.00000000       0.00000000     -90.15921625 
482      27.55878607       0.00000000       0.00000000     -90.34983489 
483      27.57168162       0.00000000       0.00000000     -90.54045352 
484      27.58455050       0.00000000       0.00000000     -90.73107216 
485      27.59739281       0.00000000       0.00000000     -90.92169080 
486      27.61020868       0.00000000       0.00000000     -91.11230944 
487      27.62299820       0.00000000       0.00000000     -91.30292808 
488      27.63576149       0.00000000       0.00000000     -91.49354671 
489      27.64849865       0.00000000       0.00000000     -91.68416535 
490      27.66120978       0.00000000       0.00000000     -91.87478399 
491      27.67389501       0.00000000       0.00000000     -92.06540263 
492      27.68655442       0.00000000       0.00000000     -92.25602126 
493      27.69918813       0.00000000       0.00000000     -92.44663990 
494      27.71179624       0.00000000       0.00000000     -92.63725854 
495      27.72437885       0.00000000       0.00000000     -92.82787718 
496      27.73693607       0.00000000       0.00000000     -93.01849582 
497      27.74946800       0.00000000       0.00000000     -93.20911445 
498      27.76197474       0.00000000       0.00000000     -93.39973309 
499      27.77445639       0.00000000       0.00000000     -93.59035173 
500      27.78691305       0.00000000       0.00000000     -93.78097037 
501      27.79934482       0.00000000       0.00000000     -93.97158900 
502      27.81175180       0.00000000       0.00000000     -94.16220764 
503      27.82413410       0.00000000       0.00000000     -94.35282628 
504      27.83649180       0.00000000       0.00000000     -94.54344492 
505      27.84882500       0.00000000       0.00000000     -94.73406356 
506      27.86113381       0.00000000       0.00000000     -94.92468219 
507      27.87341832       0.00000000       0.00000000     -95.11530083 
508      27.88567861       0.00000000       0.00000000     -95.30591947 
509      27.89791480       0.00000000       0.00000000     -95.49653811 
510      27.91012698       0.00000000       0.00000000     -95.68715674 
511      27.92231523       0.00000000       0.00000000     -95.87777538 
512      27.93447965       0.00000000       0.00000000     -96.06839402 
513      27.94662034       0.00000000       0.00000000     -96.25901266 
514      27.95873738       0.00000000       0.00000000     -96.44963130 
515      27.97083087       0.00000000       0.00000000     -96.64024993 
516      27.98290091       0.00000000       0.00000000     -96.83086857 
517      27.99494757       0.00000000       0.00000000     -97.02148721 
518      28.00697095       0.00000000       0.00000000     -97.21210585 
519      28.01897115       0.00000000       0.00000000     -97.40272448 
520      28.03094825       0.00000000       0.00000000     -97.59334312 
521      28.04290233       0.00000000       0.00000000     -97.78396176 
522      28.05483350       0.00000000       0.00000000     -97.97458040 
523      28.06674183       0.00000000       0.00000000     -98.16519904 
524      28.07862741       0.00000000       0.00000000     -98.35581767 
525      28.09049033       0.00000000       0.00000000     -98.54643631 
526      28.10233068       0.00000000       0.00000000     -98.73705495 
527      28.11414853       0.00000000       0.00000000     -98.92767359 
528      28.12594399       0.00000000       0.00000000     -99.11829222 
529      28.13771712       0.00000000       0.00000000     -99.30891086 
530      28.14946802       0.00000000       0.00000000     -99.49952950 
531      28.16119677       0.00000000       0.00000000     -99.69014814 
532      28.17290346       0.00000000       0.00000000     -99.88076678 
533      28.18458815       0.00000000       0.00000000    -100.07138541 
534      28.19625095       0.00000000       0.00000000    -100.26200405 
535      28.20789193       0.00000000       0.00000000    -100.45262269 
536      28.21951116       0.00000000       0.00000000    -100.64324133 
537      28.23110874       0.00000000       0.00000000    -100.83385996 
538      28.24268475       0.00000000       0.00000000    -101.02447860 
539      28.25423925       0.00000000       0.00000000    -101.21509724 
540      28.26577234       0.00000000       0.00000000    -101.40571588 
541      28.27728409       0.00000000       0.00000000    -101.59633452 
542      28.28877459       0.00000000       0.00000000    -101.78695315 
543      28.30024390       0.00000000       0.00000000    -101.97757179 
544      28.31169211       0.00000000       0.00000000    -102.16819043 
545      28.32311929       0.00000000       0.00000000    -102.35880907 
546      28.33452553       0.00000000       0.00000000    -102.54942770 
547      28.34591089       0.00000000       0.00000000    -102.74004634 
548      28.35727546       0.00000000       0.00000000    -102.93066498 
549      28.36861931       0.00000000       0.00000000    -103.12128362 
550      28.37994252       0.00000000       0.00000000    -103.31190226 
551      28.39124516       0.00000000       0.00000000    -103.50252089 
552      28.40252730       0.00000000       0.00000000    -103.69313953 
553      28.41378902       0.00000000       0.00000000    -103.88375817 
554      28.42503040       0.00000000       0.00000000    -104.07437681 
555      28.43625150       0.00000000       0.00000000    -104.26499544 
556      28.44745240       0.00000000       0.00000000    -104.45561408 
557      28.45863318       0.00000000       0.00000000    -104.64623272 
558      28.46979390       0.00000000       0.00000000    -104.83685136 
559      28.48093464       0.00000000       0.00000000    -105.02747000 
560      28.49205546       0.00000000       0.00000000    -105.21808863 
561      28.50315645       0.00000000       0.00000000    -105.40870727 
562      28.51423766       0.00000000       0.00000000    -105.59932591 
563      28.52529917       0.00000000       0.00000000    -105.78994455 
564      28.53634106       0.00000000       0.00000000    -105.98056318 
565      28.54736338       0.00000000       0.00000000    -106.17118182 
566      28.55836621       0.00000000       0.00000000    -106.36180046 
567      28.56934962       0.00000000       0.00000000    -106.55241910 
568      28.58031368       0.00000000       0.00000000    -106.74303774 
569      28.59125845       0.00000000       0.00000000    -106.93365637 
570      28.60218400       0.00000000       0.00000000    -107.12427501 
571      28.61309040       0.00000000       0.00000000    -107.31489365 
572      28.62397772       0.00000000       0.00000000    -107.50551229 
573      28.63484602       0.00000000       0.00000000    -107.69613092 
574      28.64569537       0.00000000       0.00000000    -107.88674956 
575      28.65652583       0.00000000       0.00000000    -108.07736820 
576      28.66733748       0.00000000       0.00000000    -108.26798684 
577      28.67813037       0.00000000       0.00000000    -108.45860548 
578      28.68890457       0.00000000       0.00000000    -108.64922411 
579      28.69966015       0.00000000       0.00000000    -108.83984275 
580      28.71039716       0.00000000       0.00000000    -109.03046139 
581      28.72111568       0.00000000       0.00000000    -109.22108003 
582      28.73181577       0.00000000       0.00000000    -109.41169866 
583      28.74249749       0.00000000       0.00000000    -109.60231730 
584      28.75316091       0.00000000       0.00000000    -109.79293594 
585      28.76380607       0.00000000       0.00000000    -109.98355458 
586      28.77443306       0.00000000       0.00000000    -110.17417322 
587      28.78504193       0.00000000       0.00000000    -110.36479185 
588      28.79563274       0.00000000       0.00000000    -110.55541049 
589      28.80620556       0.00000000       0.00000000    -110.74602913 
590      28.81676044       0.00000000       0.00000000    -110.93664777 
591      28.82729744       0.00000000       0.00000000    -111.12726640 
592      28.83781663       0.00000000       0.00000000    -111.31788504 
593      28.84831807       0.00000000       0.00000000    -111.50850368 
594      28.85880181       0.00000000       0.00000000    -111.69912232 
595      28.86926792       0.00000000       0.00000000    -111.88974096 
596      28.87971645       0.00000000       0.00000000    -112.08035959 
597      28.89014747       0.00000000       0.00000000    -112.27097823 
598      28.90056103       0.00000000       0.00000000    -112.46159687 
599      28.91095719       0.00000000       0.00000000    -112.65221551 
600      28.92133601       0.00000000       0.00000000    -112.84283414 
601      28.93169754       0.00000000       0.00000000    -113.03345278 
602      28.94204185       0.00000000       0.00000000    -113.22407142 
603      28.95236899       0.00000000       0.00000000    -113.41469006 
604      28.96267902       0.00000000       0.00000000    -113.60530870 
605      28.97297199       0.00000000       0.00000000    -113.79592733 
606      28.98324796       0.00000000       0.00000000    -113.98654597 
607      28.99350699       0.00000000       0.00000000    -114.17716461 
608      29.00374913       0.00000000       0.00000000    -114.36778325 
609      29.01397444       0.00000000       0.00000000    -114.55840188 
610      29.02418298       0.00000000       0.00000000    -114.74902052 
611      29.03437479       0.00000000       0.00000000    -114.93963916 
612      29.04454994       0.00000000       0.00000000    -115.13025780 
613      29.05470847       0.00000000       0.00000000    -115.32087644 
614      29.06485044       0.00000000       0.00000000    -115.51149507 
615      29.07497591       0.00000000       0.00000000    -115.70211371 
616      29.08508493       0.00000000       0.00000000    -115.89273235 
617      29.09517755       0.00000000       0.00000000    -116.08335099 
618      29.10525383       0.00000000       0.00000000    -116.27396962 
619      29.11531382       0.00000000       0.00000000    -116.46458826 
620      29.12535756       0.00000000       0.00000000    -116.65520690 
621      29.13538512       0.00000000       0.00000000    -116.84582554 
622      29.14539655       0.00000000       0.00000000    -117.03644418 
623      29.15539189       0.00000000       0.00000000    -117.22706281 
624      29.16537121       0.00000000       0.00000000    -117.41768145 
625      29.17533454       0.00000000       0.00000000    -117.60830009 
626      29.18528194       0.00000000       0.00000000    -117.79891873 
627      29.19521347       0.00000000       0.00000000    -117.98953736 
628      29.20512917       0.00000000       0.00000000    -118.18015600 
629      29.21502909       0.00000000       0.00000000    -118.37077464 
630      29.22491329       0.00000000       0.00000000    -118.56139328 
631      29.23478181       0.00000000       0.00000000    -118.75201192 
632      29.24463470       0.00000000       0.00000000    -118.94263055 
633      29.25447201       0.00000000       0.00000000    -119.13324919 
634      29.26429380       0.00000000       0.00000000    -119.32386783 
635      29.27410011       0.00000000       0.00000000    -119.51448647 
636      29.28389098       0.00000000       0.00000000    -119.70510510 
637      29.29366647       0.00000000       0.00000000    -119.89572374 
638      29.30342663       0.00000000       0.00000000    -120.08634238 
639      29.31317151       0.00000000       0.00000000    -120.27696102 
640      29.32290114       0.00000000       0.00000000    -120.46757966 
641      29.33261558       0.00000000       0.00000000    -120.65819829 
642      29.34231488       0.00000000       0.00000000    -120.84881693 
643      29.35199909       0.00000000       0.00000000    -121.03943557 
644      29.36166824       0.00000000       0.00000000    -121.23005421 
645      29.37132240       0.00000000       0.00000000    -121.42067284 
646      29.38096159       0.00000000       0.00000000    -121.61129148 
647      29.39058588       0.00000000       0.00000000    -121.80191012 
648      29.40019530       0.00000000       0.00000000    -121.99252876 
649      29.40978991       0.00000000       0.00000000    -122.18314740 
650      29.41936974       0.00000000       0.00000000    -122.37376603 
651      29.42893484       0.00000000       0.00000000    -122.56438467 
652      29.43848527       0.00000000       0.00000000    -122.75500331 
653      29.44802106       0.00000000       0.00000000    -122.94562195 
654      29.45754225       0.00000000       0.00000000    -123.13624058 
655      29.46704890       0.00000000       0.00000000    -123.32685922 
656      29.47654104       0.00000000       0.00000000    -123.51747786 
657      29.48601873       0.00000000       0.00000000    -123.70809650 
658      29.49548200       0.00000000       0.00000000    -123.89871514 
659      29.50493090       0.00000000       0.00000000    -124.08933377 
660      29.51436548       0.00000000       0.00000000    -124.27995241 
661      29.52378577       0.00000000       0.00000000    -124.47057105 
662      29.53319182       0.00000000       0.00000000    -124.66118969 
663      29.54258367       0.00000000       0.00000000    -124.85180832 
664      29.55196136       0.00000000       0.00000000    -125.04242696 
665      29.56132495       0.00000000       0.00000000    -125.23304560 
666      29.57067446       0.00000000       0.00000000    -125.42366424 
667      29.58000994       0.00000000       0.00000000    -125.61428288 
668      29.58933144       0.00000000       0.00000000    -125.80490151 
669      29.59863900       0.00000000       0.00000000    -125.99552015 
670      29.60793265       0.00000000       0.00000000    -126.18613879 
671      29.61721245       0.00000000       0.00000000    -126.37675743 
672      29.62647842       0.00000000       0.00000000    -126.56737606 
673      29.63573062       0.00000000       0.00000000    -126.75799470 
674      29.64496907       0.00000000       0.00000000    -126.94861334 
675      29.65419383       0.00000000       0.00000000    -127.13923198 
676      29.66340494       0.00000000       0.00000000    -127.32985062 
677      29.67260243       0.00000000       0.00000000    -127.52046925 
678      29.68178634       0.00000000       0.00000000    -127.71108789 
679      29.69095672       0.00000000       0.00000000    -127.90170653 
680      29.70011360       0.00000000       0.00000000    -128.09232517 
681      29.70925703       0.00000000       0.00000000    -128.28294380 
682      29.71838703       0.00000000       0.00000000    -128.47356244 
683      29.72750367       0.00000000       0.00000000    -128.66418108 
684      29.73660696       0.00000000       0.00000000    -128.85479972 
685      29.74569695       0.00000000       0.00000000    -129.04541836 
686      29.75477369       0.00000000       0.00000000    -129.23603699 
687      29.76383720       0.00000000       0.00000000    -129.42665563 
688      29.77288753       0.00000000       0.00000000    -129.61727427 
689      29.78192471       0.00000000       0.00000000    -129.80789291 
690      29.79094879       0.00000000       0.00000000    -129.99851154 
691      29.79995980       0.00000000       0.00000000    -130.18913018 
692      29.80895777       0.00000000       0.00000000    -130.37974882 
693      29.81794276       0.00000000       0.00000000    -130.57036746 
694      29.82691479       0.00000000       0.00000000    -130.76098610 
695      29.83587389       0.00000000       0.00000000    -130.95160473 
696      29.84482012       0.00000000       0.00000000    -131.14222337 
697      29.85375350       0.00000000       0.00000000    -131.33284201 
698      29.86267408       0.00000000       0.00000000    -131.52346065 
699      29.87158188       0.00000000       0.00000000    -131.71407928 
700      29.88047695       0.00000000       0.00000000    -131.90469792 
701      29.88935932       0.00000000       0.00000000    -132.09531656 
702      29.89822903       0.00000000       0.00000000    -132.28593520 
703      29.90708612       0.00000000       0.00000000    -132.47655384 
704      29.91593061       0.00000000       0.00000000    -132.66717247 
705      29.92476255       0.00000000       0.00000000    -132.85779111 
706      29.93358197       0.00000000       0.00000000    -133.04840975 
707      29.94238891       0.00000000       0.00000000    -133.23902839 
708      29.95118340       0.00000000       0.00000000    -133.42964702 
709      29.95996547       0.00000000       0.00000000    -133.62026566 
710      29.96873517       0.00000000       0.00000000    -133.81088430 
711      29.97749253       0.00000000       0.00000000    -134.00150294 
712      29.98623757       0.00000000       0.00000000    -134.19212158 
713      29.99497035       0.00000000       0.00000000    -134.38274021 
714      30.00369088       0.00000000       0.00000000    -134.57335885 
715      30.01239921       0.00000000       0.00000000    -134.76397749 
716      30.02109537       0.00000000       0.00000000    -134.95459613 
717      30.02977939       0.00000000       0.00000000    -135.14521476 
718      30.03845131       0.00000000       0.00000000    -135.33583340 
719      30.04711115       0.00000000       0.00000000    -135.52645204 
720      30.05575897       0.00000000       0.00000000    -135.71707068 
721      30.06439478       0.00000000       0.00000000    -135.90768932 
722      30.07301862       0.00000000       0.00000000    -136.09830795 
723      30.08163052       0.00000000       0.00000000    -136.28892659 
724      30.09023052       0.00000000       0.00000000    -136.47954523 
725      30.09881865       0.00000000       0.00000000    -136.67016387 
726      30.10739495       0.00000000       0.00000000    -136.86078250 
727      30.11595944       0.00000000       0.00000000    -137.05140114 
728      30.12451215       0.00000000       0.00000000    -137.24201978 
729      30.13305313       0.00000000       0.00000000    -137.43263842 
730      30.14158240       0.00000000       0.00000000    -137.62325706 
731      30.15009999       0.00000000       0.00000000    -137.81387569 
732      30.15860594       0.00000000       0.00000000    -138.00449433 
733      30.16710027       0.00000000       0.00000000    -138.19511297 
734      30.17558303       0.00000000       0.00000000    -138.38573161 
735      30.18405423       0.00000000       0.00000000    -138.57635024 
736      30.19251392       0.00000000       0.00000000    -138.76696888 
737      30.20096212       0.00000000       0.00000000    -138.95758752 
738      30.20939887       0.00000000       0.00000000    -139.14820616 
739      30.21782419       0.00000000       0.00000000    -139.33882480 
740      30.22623812       0.00000000       0.00000000    -139.52944343 
741      30.23464069       0.00000000       0.00000000    -139.72006207 
742      30.24303193       0.00000000       0.00000000    -139.91068071 
743      30.25141186       0.00000000       0.00000000    -140.10129935 
744      30.25978052       0.00000000       0.00000000    -140.29191798 
745      30.26813795       0.00000000       0.00000000    -140.48253662 
746      30.27648416       0.00000000       0.00000000    -140.67315526 
747      30.28481919       0.00000000       0.00000000    -140.86377390 
748      30.29314307       0.00000000       0.00000000    -141.05439254 
749      30.30145583       0.00000000       0.00000000    -141.24501117 
750      30.30975750       0.00000000       0.00000000    -141.43562981 
751      30.31804811       0.00000000       0.00000000    -141.62624845 
752      30.32632768       0.00000000       0.00000000    -141.81686709 
753      30.33459625       0.00000000       0.00000000    -142.00748572 
754      30.34285385       0.00000000       0.00000000    -142.19810436 
755      30.35110051       0.00000000       0.00000000    -142.38872300 
756      30.35933625       0.00000000       0.00000000    -142.57934164 
757      30.36756110       0.00000000       0.00000000    -142.76996028 
758      30.37577509       0.00000000       0.00000000    -142.96057891 
759      30.38397826       0.00000000       0.00000000    -143.15119755 
760      30.39217062       0.00000000       0.00000000    -143.34181619 
761      30.40035222       0.00000000       0.00000000    -143.53243483 
762      30.40852306       0.00000000       0.00000000    -143.72305346 
763      30.41668320       0.00000000       0.00000000    -143.91367210 
764      30.42483264       0.00000000       0.00000000    -144.10429074 
765      30.43297143       0.00000000       0.00000000    -144.29490938 
766      30.44109958       0.00000000       0.00000000    -144.48552802 
767      30.44921713       0.00000000       0.00000000    -144.67614665 
768      30.45732410       0.00000000       0.00000000    -144.86676529 
769      30.46542052       0.00000000       0.00000000    -145.05738393 
770      30.47350642       0.00000000       0.00000000    -145.24800257 
771      30.48158183       0.00000000       0.00000000    -145.43862120 
772      30.48964677       0.00000000       0.00000000    -145.62923984 
773      30.49770127       0.00000000       0.00000000    -145.81985848 
774      30.50574535       0.00000000       0.00000000    -146.01047712 
775      30.51377905       0.00000000       0.00000000    -146.20109576 
776      30.52180240       0.00000000       0.00000000    -146.39171439 
777      30.52981540       0.00000000       0.00000000    -146.58233303 
778      30.53781811       0.00000000       0.00000000    -146.77295167 
779      30.54581053       0.00000000       0.00000000    -146.96357031 
780      30.55379270       0.00000000       0.00000000    -147.15418894 
781      30.56176464       0.00000000       0.00000000    -147.34480758 
782      30.56972638       0.00000000       0.00000000    -147.53542622 
783      30.57767795       0.00000000       0.00000000    -147.72604486 
784      30.58561937       0.00000000       0.00000000    -147.91666350 
785      30.59355066       0.00000000       0.00000000    -148.10728213 
786      30.60147186       0.00000000       0.00000000    -148.29790077 
787      30.60938298       0.00000000       0.00000000    -148.48851941 
788      30.61728406       0.00000000       0.00000000    -148.67913805 
789      30.62517512       0.00000000       0.00000000    -148.86975668 
790      30.63305619       0.00000000       0.00000000    -149.06037532 
791      30.64092729       0.00000000       0.00000000    -149.25099396 
792      30.64878844       0.00000000       0.00000000    -149.44161260 
793      30.65663967       0.00000000       0.00000000    -149.63223124 
794      30.66448100       0.00000000       0.00000000    -149.82284987 
795      30.67231247       0.00000000       0.00000000    -150.01346851 
796      30.68013409       0.00000000       0.00000000    -150.20408715 
797      30.68794590       0.00000000       0.00000000    -150.39470579 
798      30.69574790       0.00000000       0.00000000    -150.58532442 
799      30.70354014       0.00000000       0.00000000    -150.77594306 
800      30.71132263       0.00000000       0.00000000    -150.96656170 
801      30.71909540       0.00000000       0.00000000    -151.15718034 
802      30.72685847       0.00000000       0.00000000    -151.34779898 
803      30.73461187       0.00000000       0.00000000    -151.53841761 
804      30.74235561       0.00000000       0.00000000    -151.72903625 
805      30.75008973       0.00000000       0.00000000    -151.91965489 
806      30.75781425       0.00000000       0.00000000    -152.11027353 
807      30.76552920       0.00000000       0.00000000    -152.30089216 
808      30.77323458       0.00000000       0.00000000    -152.49151080 
809      30.78093044       0.00000000       0.00000000    -152.68212944 
810      30.78861679       0.00000000       0.00000000    -152.87274808 
811      30.79629366       0.00000000       0.00000000    -153.06336672 
812      30.80396107       0.00000000       0.00000000    -153.25398535 
813      30.81161904       0.00000000       0.00000000    -153.44460399 
814      30.81926759       0.00000000       0.00000000    -153.63522263 
815      30.82690676       0.00000000       0.00000000    -153.82584127 
816      30.83453656       0.00000000       0.00000000    -154.01645990 
817      30.84215701       0.00000000       0.00000000    -154.20707854 
818      30.84976814       0.00000000       0.00000000    -154.39769718 
819      30.85736998       0.00000000       0.00000000    -154.58831582 
820      30.86496254       0.00000000       0.00000000    -154.77893446 
821      30.87254584       0.00000000       0.00000000    -154.96955309 
822      30.88011991       0.00000000       0.00000000    -155.16017173 
823      30.88768478       0.00000000       0.00000000    -155.35079037 
824      30.89524045       0.00000000       0.00000000    -155.54140901 
825      30.90278697       0.00000000       0.00000000    -155.73202764 
826      30.91032434       0.00000000       0.00000000    -155.92264628 
827      30.91785259       0.00000000       0.00000000    -156.11326492 
828      30.92537175       0.00000000       0.00000000    -156.30388356 
829      30.93288183       0.00000000       0.00000000    -156.49450220 
830      30.94038285       0.00000000       0.00000000    -156.68512083 
831      30.94787485       0.00000000       0.00000000    -156.87573947 
832      30.95535783       0.00000000       0.00000000    -157.06635811 
833      30.96283182       0.00000000       0.00000000    -157.25697675 
834      30.97029685       0.00000000       0.00000000    -157.44759538 
835      30.97775294       0.00000000       0.00000000    -157.63821402 
836      30.98520009       0.00000000       0.00000000    -157.82883266 
837      30.99263835       0.00000000       0.00000000    -158.01945130 
838      31.00006772       0.00000000       0.00000000    -158.21006994 
839      31.00748824       0.00000000       0.00000000    -158.40068857 
840      31.01489991       0.00000000       0.00000000    -158.59130721 
841      31.02230277       0.00000000       0.00000000    -158.78192585 
842      31.02969683       0.00000000       0.00000000    -158.97254449 
843      31.03708211       0.00000000       0.00000000    -159.16316312 
844      31.04445864       0.00000000       0.00000000    -159.35378176 
845      31.05182643       0.00000000       0.00000000    -159.54440040 
846      31.05918551       0.00000000       0.00000000    -159.73501904 
847      31.06653589       0.00000000       0.00000000    -159.92563768 
848      31.07387760       0.00000000       0.00000000    -160.11625631 
849      31.08121066       0.00000000       0.00000000    -160.30687495 
850      31.08853509       0.00000000       0.00000000    -160.49749359 
851      31.09585091       0.00000000       0.00000000    -160.68811223 
852      31.10315813       0.00000000       0.00000000    -160.87873086 
853      31.11045678       0.00000000       0.00000000    -161.06934950 
854      31.11774688       0.00000000       0.00000000    -161.25996814 
855      31.12502845       0.00000000       0.00000000    -161.45058678 
856      31.13230151       0.00000000       0.00000000    -161.64120542 
857      31.13956607       0.00000000       0.00000000    -161.83182405 
858      31.14682217       0.00000000       0.00000000    -162.02244269 
859      31.15406981       0.00000000       0.00000000    -162.21306133 
860      31.16130902       0.00000000       0.00000000    -162.40367997 
861      31.16853982       0.00000000       0.00000000    -162.59429860 
862      31.17576222       0.00000000       0.00000000    -162.78491724 
863      31.18297625       0.00000000       0.00000000    -162.97553588 
864      31.19018192       0.00000000       0.00000000    -163.16615452 
865      31.19737927       0.00000000       0.00000000    -163.35677316 
866      31.20456829       0.00000000       0.00000000    -163.54739179 
867      31.21174902       0.00000000       0.00000000    -163.73801043 
868      31.21892147       0.00000000       0.00000000    -163.92862907 
869      31.22608566       0.00000000       0.00000000    -164.11924771 
870      31.23324161       0.00000000       0.00000000    -164.30986634 
871      31.24038934       0.00000000       0.00000000    -164.50048498 
872      31.24752887       0.00000000       0.00000000    -164.69110362 
873      31.25466022       0.00000000       0.00000000    -164.88172226 
874      31.26178341       0.00000000       0.00000000    -165.07234090 
875      31.26889844       0.00000000       0.00000000    -165.26295953 
876      31.27600535       0.00000000       0.00000000    -165.45357817 
877      31.28310416       0.00000000       0.00000000    -165.64419681 
878      31.29019487       0.00000000       0.00000000    -165.83481545 
879      31.29727751       0.00000000       0.00000000    -166.02543408 
880      31.30435210       0.00000000       0.00000000    -166.21605272 
881      31.31141865       0.00000000       0.00000000    -166.40667136 
882      31.31847719       0.00000000       0.00000000    -166.59729000 
883      31.32552773       0.00000000       0.00000000    -166.78790864 
884      31.33257029       0.00000000       0.00000000    -166.97852727 
885      31.33960489       0.00000000       0.00000000    -167.16914591 
886      31.34663154       0.00000000       0.00000000    -167.35976455 
887      31.35365026       0.00000000       0.00000000    -167.55038319 
888      31.36066108       0.00000000       0.00000000    -167.74100182 
889      31.36766401       0.00000000       0.00000000    -167.93162046 
890      31.37465906       0.00000000       0.00000000    -168.12223910 
891      31.38164626       0.00000000       0.00000000    -168.31285774 
892      31.38862562       0.00000000       0.00000000    -168.50347638 
893      31.39559716       0.00000000       0.00000000    -168.69409501 
894      31.40256090       0.00000000       0.00000000    -168.88471365 
895      31.40951686       0.00000000       0.00000000    -169.07533229 
896      31.41646504       0.00000000       0.00000000    -169.26595093 
897      31.42340548       0.00000000       0.00000000    -169.45656956 
898      31.43033818       0.00000000       0.00000000    -169.64718820 
899      31.43726317       0.00000000       0.00000000    -169.83780684 
900      31.44418046       0.00000000       0.00000000    -170.02842548 
901      31.45109006       0.00000000       0.00000000    -170.21904412 
902      31.45799201       0.00000000       0.00000000    -170.40966275 
903      31.46488630       0.00000000       0.00000000    -170.60028139 
904      31.47177296       0.00000000       0.00000000    -170.79090003 
905      31.47865201       0.00000000       0.00000000    -170.98151867 
906      31.48552347       0.00000000       0.00000000    -171.17213730 
907      31.49238734       0.00000000       0.00000000    -171.36275594 
908      31.49924365       0.00000000       0.00000000    -171.55337458 
909      31.50609241       0.00000000       0.00000000    -171.74399322 
910      31.51293364       0.00000000       0.00000000    -171.93461186 
911      31.51976736       0.00000000       0.00000000    -172.12523049 
912      31.52659358       0.00000000       0.00000000    -172.31584913 
913      31.53341232       0.00000000       0.00000000    -172.50646777 
914      31.54022360       0.00000000       0.00000000    -172.69708641 
915      31.54702743       0.00000000       0.00000000    -172.88770504 
916      31.55382382       0.00000000       0.00000000    -173.07832368 
917      31.56061280       0.00000000       0.00000000    -173.26894232 
918      31.56739438       0.00000000       0.00000000    -173.45956096 
919      31.57416858       0.00000000       0.00000000    -173.65017960 
920      31.58093541       0.00000000       0.00000000    -173.84079823 
921      31.58769489       0.00000000       0.00000000    -174.03141687 
922      31.59444704       0.00000000       0.00000000    -174.22203551 
923      31.60119186       0.00000000       0.00000000    -174.41265415 
924      31.60792938       0.00000000       0.00000000    -174.60327278 
925      31.61465961       0.00000000       0.00000000    -174.79389142 
926      31.62138258       0.00000000       0.00000000    -174.98451006 
927      31.62809828       0.00000000       0.00000000    -175.17512870 
928      31.63480674       0.00000000       0.00000000    -175.36574734 
929      31.64150798       0.00000000       0.00000000    -175.55636597 
930      31.64820201       0.00000000       0.00000000    -175.74698461 
931      31.65488885       0.00000000       0.00000000    -175.93760325 
932      31.66156851       0.00000000       0.00000000    -176.12822189 
933      31.66824100       0.00000000       0.00000000    -176.31884052 
934      31.67490635       0.00000000       0.00000000    -176.50945916 
935      31.68156456       0.00000000       0.00000000    -176.70007780 
936      31.68821566       0.00000000       0.00000000    -176.89069644 
937      31.69485965       0.00000000       0.00000000    -177.08131508 
938      31.70149656       0.00000000       0.00000000    -177.27193371 
939      31.70812639       0.00000000       0.00000000    -177.46255235 
940      31.71474917       0.00000000       0.00000000    -177.65317099 
941      31.72136491       0.00000000       0.00000000    -177.84378963 
942      31.72797362       0.00000000       0.00000000    -178.03440826 
943      31.73457532       0.00000000       0.00000000    -178.22502690 
944      31.74117002       0.00000000       0.00000000    -178.41564554 
945      31.74775774       0.00000000       0.00000000    -178.60626418 
946      31.75433849       0.00000000       0.00000000    -178.79688282 
947      31.76091229       0.00000000       0.00000000    -178.98750145 
948      31.76747915       0.00000000       0.00000000    -179.17812009 
949      31.77403909       0.00000000       0.00000000    -179.36873873 
950      31.78059211       0.00000000       0.00000000    -179.55935737 
951      31.78713825       0.00000000       0.00000000    -179.74997600 
952      31.79367750       0.00000000       0.00000000    -179.94059464 
953      31.80020989       0.00000000       0.00000000    -180.13121328 
954      31.80673543       0.00000000       0.00000000    -180.32183192 
955      31.81325413       0.00000000       0.00000000    -180.51245056 
956      31.81976601       0.00000000       0.00000000    -180.70306919 
957      31.82627108       0.00000000       0.00000000    -180.89368783 
958      31.83276936       0.00000000       0.00000000    -181.08430647 
959      31.83926086       0.00000000       0.00000000    -181.27492511 
960      31.84574559       0.00000000       0.00000000    -181.46554374 
961      31.85222357       0.00000000       0.00000000    -181.65616238 
962      31.85869481       0.00000000       0.00000000    -181.84678102 
963      31.86515933       0.00000000       0.00000000    -182.03739966 
964      31.87161714       0.00000000       0.00000000    -182.22801830 
965      31.87806826       0.00000000       0.00000000    -182.41863693 
966      31.88451269       0.00000000       0.00000000    -182.60925557 
967      31.89095046       0.00000000       0.00000000    -182.79987421 
968      31.89738157       0.00000000       0.00000000    -182.99049285 
969      31.90380604       0.00000000       0.00000000    -183.18111148 
970      31.91022389       0.00000000       0.00000000    -183.37173012 
971      31.91663512       0.00000000       0.00000000    -183.56234876 
972      31.92303975       0.00000000       0.00000000    -183.75296740 
973      31.92943780       0.00000000       0.00000000    -183.94358604 
974      31.93582927       0.00000000       0.00000000    -184.13420467 
975      31.94221419       0.00000000       0.00000000    -184.32482331 
976      31.94859256       0.00000000       0.00000000    -184.51544195 
977      31.95496440       0.00000000       0.00000000    -184.70606059 
978      31.96132972       0.00000000       0.00000000    -184.89667922 
979      31.96768853       0.00000000       0.00000000    -185.08729786 
980      31.97404086       0.00000000       0.00000000    -185.27791650 
981      31.98038670       0.00000000       0.00000000    -185.46853514 
982      31.98672608       0.00000000       0.00000000    -185.65915377 
983      31.99305901       0.00000000       0.00000000    -185.84977241 
984      31.99938549       0.00000000       0.00000000    -186.04039105 
985      32.00570556       0.00000000       0.00000000    -186.23100969 
986      32.01201920       0.00000000       0.00000000    -186.42162833 
987      32.01832645       0.00000000       0.00000000    -186.61224696 
988      32.02462731       0.00000000       0.00000000    -186.80286560 
989      32.03092180       0.00000000       0.00000000    -186.99348424 
990      32.03720993       0.00000000       0.00000000    -187.18410288 
991      32.04349170       0.00000000       0.00000000    -187.37472151 
992      32.04976715       0.00000000       0.00000000    -187.56534015 
993      32.05603626       0.00000000       0.00000000    -187.75595879 
994      32.06229907       0.00000000       0.00000000    -187.94657743 
995      32.06855558       0.00000000       0.00000000    -188.13719607 
996      32.07480581       0.00000000       0.00000000    -188.32781470 
997      32.08104977       0.00000000       0.00000000    -188.51843334 
998      32.08728746       0.00000000       0.00000000    -188.70905198 
999      32.09351891       0.00000000       0.00000000    -188.89967062 
1000      32.09974412       0.00000000       0.00000000    -189.09028925 
