 Pt           R                 X                Y               E
  2       2.79100264       0.00000000       0.00000000       1.12859649 
  2       2.79114648       0.00000000       0.00000000       1.12859725 
  2       2.73305264       0.00000000       0.00000000       1.12928328 
  2       2.78843079       0.00000000       0.00000000       1.12928439 
  2       2.81726766       0.00000000       0.00000000       1.14117534 
  2       2.81883172       0.00000000       0.00000000       1.14123858 
  2       2.79021837       0.00000000       0.00000000       1.14179444 
  2       2.79231593       0.00000000       0.00000000       1.14181141 
  3       2.98361137       0.00000000       0.00000000       0.94983639 
  3       3.10320453       0.00000000       0.00000000       0.95054819 
  3       2.97592016       0.00000000       0.00000000       0.95061838 
  3       2.97440047       0.00000000       0.00000000       0.95417737 
  3       2.97561209       0.00000000       0.00000000       0.95418000 
  3       2.97042544       0.00000000       0.00000000       0.95472066 
  3       2.98699161       0.00000000       0.00000000       0.95949123 
  3       2.98667235       0.00000000       0.00000000       0.95968591 
  3       2.98633592       0.00000000       0.00000000       0.95969046 
  3       2.98702001       0.00000000       0.00000000       0.95970682 
  3       3.13507762       0.00000000       0.00000000       0.96177741 
  3       2.90420026       0.00000000       0.00000000       0.96192135 
  4       3.40871735       0.00000000       0.00000000       0.76719351 
  4       3.40532512       0.00000000       0.00000000       0.76744319 
  4       3.40600913       0.00000000       0.00000000       0.76744154 
  4       3.40575678       0.00000000       0.00000000       0.76744277 
  4       3.80705530       0.00000000       0.00000000       0.76884763 
  4       3.80781109       0.00000000       0.00000000       0.76884965 
  5       4.20564574       0.00000000       0.00000000       0.56915931 
  5       4.20609141       0.00000000       0.00000000       0.56916098 
  5       3.36972158       0.00000000       0.00000000       0.57035311 
  5       4.20831736       0.00000000       0.00000000       0.57117317 
  5       3.37496538       0.00000000       0.00000000       0.57185810 
  5       3.32086807       0.00000000       0.00000000       0.57278937 
  5       3.41465927       0.00000000       0.00000000       0.57352190 
  5       4.21767649       0.00000000       0.00000000       0.57449383 
  5       3.55393743       0.00000000       0.00000000       0.57599677 
  5       4.22288627       0.00000000       0.00000000       0.57894476 
  5       4.07599753       0.00000000       0.00000000       0.57898836 
  5       4.19531181       0.00000000       0.00000000       0.57901575 
  5       4.13517505       0.00000000       0.00000000       0.57923960 
  5       3.96464630       0.00000000       0.00000000       0.58003551 
  5       3.95519852       0.00000000       0.00000000       0.58007359 
  5       4.12011909       0.00000000       0.00000000       0.58073439 
  5       3.85085560       0.00000000       0.00000000       0.58127293 
  5       3.84258034       0.00000000       0.00000000       0.58153200 
  5       4.19670411       0.00000000       0.00000000       0.58207156 
  6       4.28919697       0.00000000       0.00000000       0.37688221 
  6       4.14839347       0.00000000       0.00000000       0.38046857 
  6       4.17721450       0.00000000       0.00000000       0.38930451 
  6       4.18055781       0.00000000       0.00000000       0.38931809 
  7       4.27667410       0.00000000       0.00000000       0.16949534 
  7       4.56780096       0.00000000       0.00000000       0.17216772 
  7       4.23757940       0.00000000       0.00000000       0.17781069 
  7       4.39487018       0.00000000       0.00000000       0.17937308 
  7       4.22717566       0.00000000       0.00000000       0.18004505 
  7       4.98654557       0.00000000       0.00000000       0.18359426 
  7       4.56976816       0.00000000       0.00000000       0.18386071 
  7       4.63064528       0.00000000       0.00000000       0.18419310 
  7       4.74374118       0.00000000       0.00000000       0.18382938 
  7       4.50218286       0.00000000       0.00000000       0.18042367 
  7       4.36580910       0.00000000       0.00000000       0.17866330 
  8       5.23684571       0.00000000       0.00000000       0.00000000 
  8       4.61251355       0.00000000       0.00000000       0.01055526 
  8       4.62601100       0.00000000       0.00000000       0.01332663 
  9       4.58441970       0.00000000       0.00000000      -0.18721922 
 10       4.72033477       0.00000000       0.00000000      -0.37783786 
 11       4.84328490       0.00000000       0.00000000      -0.56845649 
 12       4.95552958       0.00000000       0.00000000      -0.75907513 
 13       5.05878467       0.00000000       0.00000000      -0.94969377 
 14       5.15438396       0.00000000       0.00000000      -1.14031241 
 15       5.24338476       0.00000000       0.00000000      -1.33093104 
 16       5.32663945       0.00000000       0.00000000      -1.52154968 
 17       5.40484521       0.00000000       0.00000000      -1.71216832 
 18       5.47857957       0.00000000       0.00000000      -1.90278696 
 19       5.54832628       0.00000000       0.00000000      -2.09340560 
 20       5.61449463       0.00000000       0.00000000      -2.28402423 
 21       5.67743394       0.00000000       0.00000000      -2.47464287 
 22       5.73744476       0.00000000       0.00000000      -2.66526151 
 23       5.79478754       0.00000000       0.00000000      -2.85588015 
 24       5.84968944       0.00000000       0.00000000      -3.04649878 
 25       5.90234981       0.00000000       0.00000000      -3.23711742 
 26       5.95294453       0.00000000       0.00000000      -3.42773606 
 27       6.00162956       0.00000000       0.00000000      -3.61835470 
 28       6.04854382       0.00000000       0.00000000      -3.80897334 
 29       6.09381162       0.00000000       0.00000000      -3.99959197 
 30       6.13754462       0.00000000       0.00000000      -4.19021061 
 31       6.17984349       0.00000000       0.00000000      -4.38082925 
 32       6.22079931       0.00000000       0.00000000      -4.57144789 
 33       6.26049475       0.00000000       0.00000000      -4.76206652 
 34       6.29900508       0.00000000       0.00000000      -4.95268516 
 35       6.33639900       0.00000000       0.00000000      -5.14330380 
 36       6.37273943       0.00000000       0.00000000      -5.33392244 
 37       6.40808411       0.00000000       0.00000000      -5.52454108 
 38       6.44248615       0.00000000       0.00000000      -5.71515971 
 39       6.47599452       0.00000000       0.00000000      -5.90577835 
 40       6.50865450       0.00000000       0.00000000      -6.09639699 
 41       6.54050797       0.00000000       0.00000000      -6.28701563 
 42       6.57159381       0.00000000       0.00000000      -6.47763426 
 43       6.60194815       0.00000000       0.00000000      -6.66825290 
 44       6.63160463       0.00000000       0.00000000      -6.85887154 
 45       6.66059461       0.00000000       0.00000000      -7.04949018 
 46       6.68894740       0.00000000       0.00000000      -7.24010882 
 47       6.71669041       0.00000000       0.00000000      -7.43072745 
 48       6.74384930       0.00000000       0.00000000      -7.62134609 
 49       6.77044818       0.00000000       0.00000000      -7.81196473 
 50       6.79650968       0.00000000       0.00000000      -8.00258337 
 51       6.82205507       0.00000000       0.00000000      -8.19320200 
 52       6.84710440       0.00000000       0.00000000      -8.38382064 
 53       6.87167657       0.00000000       0.00000000      -8.57443928 
 54       6.89578942       0.00000000       0.00000000      -8.76505792 
 55       6.91945981       0.00000000       0.00000000      -8.95567656 
 56       6.94270368       0.00000000       0.00000000      -9.14629519 
 57       6.96553614       0.00000000       0.00000000      -9.33691383 
 58       6.98797148       0.00000000       0.00000000      -9.52753247 
 59       7.01002330       0.00000000       0.00000000      -9.71815111 
 60       7.03170449       0.00000000       0.00000000      -9.90876974 
 61       7.05302728       0.00000000       0.00000000     -10.09938838 
 62       7.07400336       0.00000000       0.00000000     -10.29000702 
 63       7.09464380       0.00000000       0.00000000     -10.48062566 
 64       7.11495918       0.00000000       0.00000000     -10.67124430 
 65       7.13495958       0.00000000       0.00000000     -10.86186293 
 66       7.15465462       0.00000000       0.00000000     -11.05248157 
 67       7.17405348       0.00000000       0.00000000     -11.24310021 
 68       7.19316494       0.00000000       0.00000000     -11.43371885 
 69       7.21199739       0.00000000       0.00000000     -11.62433748 
 70       7.23055886       0.00000000       0.00000000     -11.81495612 
 71       7.24885704       0.00000000       0.00000000     -12.00557476 
 72       7.26689929       0.00000000       0.00000000     -12.19619340 
 73       7.28469268       0.00000000       0.00000000     -12.38681204 
 74       7.30224397       0.00000000       0.00000000     -12.57743067 
 75       7.31955967       0.00000000       0.00000000     -12.76804931 
 76       7.33664601       0.00000000       0.00000000     -12.95866795 
 77       7.35350899       0.00000000       0.00000000     -13.14928659 
 78       7.37015439       0.00000000       0.00000000     -13.33990522 
 79       7.38658773       0.00000000       0.00000000     -13.53052386 
 80       7.40281436       0.00000000       0.00000000     -13.72114250 
 81       7.41883941       0.00000000       0.00000000     -13.91176114 
 82       7.43466783       0.00000000       0.00000000     -14.10237978 
 83       7.45030438       0.00000000       0.00000000     -14.29299841 
 84       7.46575367       0.00000000       0.00000000     -14.48361705 
 85       7.48102012       0.00000000       0.00000000     -14.67423569 
 86       7.49610801       0.00000000       0.00000000     -14.86485433 
 87       7.51102147       0.00000000       0.00000000     -15.05547296 
 88       7.52576449       0.00000000       0.00000000     -15.24609160 
 89       7.54034092       0.00000000       0.00000000     -15.43671024 
 90       7.55475447       0.00000000       0.00000000     -15.62732888 
 91       7.56900876       0.00000000       0.00000000     -15.81794752 
 92       7.58310726       0.00000000       0.00000000     -16.00856615 
 93       7.59705335       0.00000000       0.00000000     -16.19918479 
 94       7.61085027       0.00000000       0.00000000     -16.38980343 
 95       7.62450119       0.00000000       0.00000000     -16.58042207 
 96       7.63800917       0.00000000       0.00000000     -16.77104070 
 97       7.65137716       0.00000000       0.00000000     -16.96165934 
 98       7.66460805       0.00000000       0.00000000     -17.15227798 
 99       7.67770461       0.00000000       0.00000000     -17.34289662 
100       7.69066954       0.00000000       0.00000000     -17.53351526 
101       7.70350547       0.00000000       0.00000000     -17.72413389 
102       7.71621493       0.00000000       0.00000000     -17.91475253 
103       7.72880039       0.00000000       0.00000000     -18.10537117 
104       7.74126426       0.00000000       0.00000000     -18.29598981 
105       7.75360885       0.00000000       0.00000000     -18.48660844 
106       7.76583643       0.00000000       0.00000000     -18.67722708 
107       7.77794920       0.00000000       0.00000000     -18.86784572 
108       7.78994928       0.00000000       0.00000000     -19.05846436 
109       7.80183877       0.00000000       0.00000000     -19.24908300 
110       7.81361967       0.00000000       0.00000000     -19.43970163 
111       7.82529396       0.00000000       0.00000000     -19.63032027 
112       7.83686354       0.00000000       0.00000000     -19.82093891 
113       7.84833029       0.00000000       0.00000000     -20.01155755 
114       7.85969600       0.00000000       0.00000000     -20.20217618 
115       7.87096245       0.00000000       0.00000000     -20.39279482 
116       7.88213135       0.00000000       0.00000000     -20.58341346 
117       7.89320438       0.00000000       0.00000000     -20.77403210 
118       7.90418317       0.00000000       0.00000000     -20.96465074 
119       7.91506931       0.00000000       0.00000000     -21.15526937 
120       7.92586435       0.00000000       0.00000000     -21.34588801 
121       7.93656980       0.00000000       0.00000000     -21.53650665 
122       7.94718715       0.00000000       0.00000000     -21.72712529 
123       7.95771782       0.00000000       0.00000000     -21.91774392 
124       7.96816322       0.00000000       0.00000000     -22.10836256 
125       7.97852472       0.00000000       0.00000000     -22.29898120 
126       7.98880366       0.00000000       0.00000000     -22.48959984 
127       7.99900134       0.00000000       0.00000000     -22.68021848 
128       8.00911904       0.00000000       0.00000000     -22.87083711 
129       8.01915800       0.00000000       0.00000000     -23.06145575 
130       8.02911944       0.00000000       0.00000000     -23.25207439 
131       8.03900455       0.00000000       0.00000000     -23.44269303 
132       8.04881448       0.00000000       0.00000000     -23.63331166 
133       8.05855038       0.00000000       0.00000000     -23.82393030 
134       8.06821334       0.00000000       0.00000000     -24.01454894 
135       8.07780446       0.00000000       0.00000000     -24.20516758 
136       8.08732480       0.00000000       0.00000000     -24.39578622 
137       8.09677539       0.00000000       0.00000000     -24.58640485 
138       8.10615725       0.00000000       0.00000000     -24.77702349 
139       8.11547137       0.00000000       0.00000000     -24.96764213 
140       8.12471873       0.00000000       0.00000000     -25.15826077 
141       8.13390026       0.00000000       0.00000000     -25.34887940 
142       8.14301690       0.00000000       0.00000000     -25.53949804 
143       8.15206957       0.00000000       0.00000000     -25.73011668 
144       8.16105916       0.00000000       0.00000000     -25.92073532 
145       8.16998653       0.00000000       0.00000000     -26.11135396 
146       8.17885254       0.00000000       0.00000000     -26.30197259 
147       8.18765804       0.00000000       0.00000000     -26.49259123 
148       8.19640383       0.00000000       0.00000000     -26.68320987 
149       8.20509073       0.00000000       0.00000000     -26.87382851 
150       8.21371953       0.00000000       0.00000000     -27.06444714 
151       8.22229099       0.00000000       0.00000000     -27.25506578 
152       8.23080587       0.00000000       0.00000000     -27.44568442 
153       8.23926492       0.00000000       0.00000000     -27.63630306 
154       8.24766886       0.00000000       0.00000000     -27.82692170 
155       8.25601840       0.00000000       0.00000000     -28.01754033 
156       8.26431425       0.00000000       0.00000000     -28.20815897 
157       8.27255709       0.00000000       0.00000000     -28.39877761 
158       8.28074759       0.00000000       0.00000000     -28.58939625 
159       8.28888642       0.00000000       0.00000000     -28.78001488 
160       8.29697422       0.00000000       0.00000000     -28.97063352 
161       8.30501163       0.00000000       0.00000000     -29.16125216 
162       8.31299927       0.00000000       0.00000000     -29.35187080 
163       8.32093776       0.00000000       0.00000000     -29.54248944 
164       8.32882769       0.00000000       0.00000000     -29.73310807 
165       8.33666966       0.00000000       0.00000000     -29.92372671 
166       8.34446425       0.00000000       0.00000000     -30.11434535 
167       8.35221202       0.00000000       0.00000000     -30.30496399 
168       8.35991353       0.00000000       0.00000000     -30.49558262 
169       8.36756934       0.00000000       0.00000000     -30.68620126 
170       8.37517998       0.00000000       0.00000000     -30.87681990 
171       8.38274599       0.00000000       0.00000000     -31.06743854 
172       8.39026788       0.00000000       0.00000000     -31.25805718 
173       8.39774616       0.00000000       0.00000000     -31.44867581 
174       8.40518134       0.00000000       0.00000000     -31.63929445 
175       8.41257391       0.00000000       0.00000000     -31.82991309 
176       8.41992435       0.00000000       0.00000000     -32.02053173 
177       8.42723316       0.00000000       0.00000000     -32.21115036 
178       8.43450078       0.00000000       0.00000000     -32.40176900 
179       8.44172769       0.00000000       0.00000000     -32.59238764 
180       8.44891434       0.00000000       0.00000000     -32.78300628 
181       8.45606117       0.00000000       0.00000000     -32.97362492 
182       8.46316863       0.00000000       0.00000000     -33.16424355 
183       8.47023714       0.00000000       0.00000000     -33.35486219 
184       8.47726713       0.00000000       0.00000000     -33.54548083 
185       8.48425901       0.00000000       0.00000000     -33.73609947 
186       8.49121321       0.00000000       0.00000000     -33.92671810 
187       8.49813012       0.00000000       0.00000000     -34.11733674 
188       8.50501013       0.00000000       0.00000000     -34.30795538 
189       8.51185365       0.00000000       0.00000000     -34.49857402 
190       8.51866105       0.00000000       0.00000000     -34.68919266 
191       8.52543272       0.00000000       0.00000000     -34.87981129 
192       8.53216903       0.00000000       0.00000000     -35.07042993 
193       8.53887034       0.00000000       0.00000000     -35.26104857 
194       8.54553703       0.00000000       0.00000000     -35.45166721 
195       8.55216943       0.00000000       0.00000000     -35.64228584 
196       8.55876791       0.00000000       0.00000000     -35.83290448 
197       8.56533281       0.00000000       0.00000000     -36.02352312 
198       8.57186447       0.00000000       0.00000000     -36.21414176 
199       8.57836322       0.00000000       0.00000000     -36.40476040 
200       8.58482940       0.00000000       0.00000000     -36.59537903 
201       8.59126333       0.00000000       0.00000000     -36.78599767 
202       8.59766533       0.00000000       0.00000000     -36.97661631 
203       8.60403571       0.00000000       0.00000000     -37.16723495 
204       8.61037479       0.00000000       0.00000000     -37.35785358 
205       8.61668287       0.00000000       0.00000000     -37.54847222 
206       8.62296026       0.00000000       0.00000000     -37.73909086 
207       8.62920724       0.00000000       0.00000000     -37.92970950 
208       8.63542412       0.00000000       0.00000000     -38.12032814 
209       8.64161119       0.00000000       0.00000000     -38.31094677 
210       8.64776871       0.00000000       0.00000000     -38.50156541 
211       8.65389699       0.00000000       0.00000000     -38.69218405 
212       8.65999629       0.00000000       0.00000000     -38.88280269 
213       8.66606689       0.00000000       0.00000000     -39.07342132 
214       8.67210906       0.00000000       0.00000000     -39.26403996 
215       8.67812306       0.00000000       0.00000000     -39.45465860 
216       8.68410915       0.00000000       0.00000000     -39.64527724 
217       8.69006759       0.00000000       0.00000000     -39.83589588 
218       8.69599863       0.00000000       0.00000000     -40.02651451 
219       8.70190253       0.00000000       0.00000000     -40.21713315 
220       8.70777953       0.00000000       0.00000000     -40.40775179 
221       8.71362988       0.00000000       0.00000000     -40.59837043 
222       8.71945382       0.00000000       0.00000000     -40.78898906 
223       8.72525159       0.00000000       0.00000000     -40.97960770 
224       8.73102341       0.00000000       0.00000000     -41.17022634 
225       8.73676952       0.00000000       0.00000000     -41.36084498 
226       8.74249015       0.00000000       0.00000000     -41.55146362 
227       8.74818552       0.00000000       0.00000000     -41.74208225 
228       8.75385586       0.00000000       0.00000000     -41.93270089 
229       8.75950138       0.00000000       0.00000000     -42.12331953 
230       8.76512231       0.00000000       0.00000000     -42.31393817 
231       8.77071885       0.00000000       0.00000000     -42.50455680 
232       8.77629121       0.00000000       0.00000000     -42.69517544 
233       8.78183961       0.00000000       0.00000000     -42.88579408 
234       8.78736424       0.00000000       0.00000000     -43.07641272 
235       8.79286531       0.00000000       0.00000000     -43.26703136 
236       8.79834303       0.00000000       0.00000000     -43.45764999 
237       8.80379758       0.00000000       0.00000000     -43.64826863 
238       8.80922917       0.00000000       0.00000000     -43.83888727 
239       8.81463798       0.00000000       0.00000000     -44.02950591 
240       8.82002421       0.00000000       0.00000000     -44.22012454 
241       8.82538804       0.00000000       0.00000000     -44.41074318 
242       8.83072967       0.00000000       0.00000000     -44.60136182 
243       8.83604926       0.00000000       0.00000000     -44.79198046 
244       8.84134701       0.00000000       0.00000000     -44.98259910 
245       8.84662309       0.00000000       0.00000000     -45.17321773 
246       8.85187768       0.00000000       0.00000000     -45.36383637 
247       8.85711095       0.00000000       0.00000000     -45.55445501 
248       8.86232308       0.00000000       0.00000000     -45.74507365 
249       8.86751424       0.00000000       0.00000000     -45.93569228 
250       8.87268458       0.00000000       0.00000000     -46.12631092 
251       8.87783429       0.00000000       0.00000000     -46.31692956 
252       8.88296352       0.00000000       0.00000000     -46.50754820 
253       8.88807244       0.00000000       0.00000000     -46.69816684 
254       8.89316120       0.00000000       0.00000000     -46.88878547 
255       8.89822997       0.00000000       0.00000000     -47.07940411 
256       8.90327890       0.00000000       0.00000000     -47.27002275 
257       8.90830815       0.00000000       0.00000000     -47.46064139 
258       8.91331786       0.00000000       0.00000000     -47.65126002 
259       8.91830820       0.00000000       0.00000000     -47.84187866 
260       8.92327930       0.00000000       0.00000000     -48.03249730 
261       8.92823133       0.00000000       0.00000000     -48.22311594 
262       8.93316441       0.00000000       0.00000000     -48.41373458 
263       8.93807870       0.00000000       0.00000000     -48.60435321 
264       8.94297434       0.00000000       0.00000000     -48.79497185 
265       8.94785148       0.00000000       0.00000000     -48.98559049 
266       8.95271024       0.00000000       0.00000000     -49.17620913 
267       8.95755077       0.00000000       0.00000000     -49.36682776 
268       8.96237320       0.00000000       0.00000000     -49.55744640 
269       8.96717768       0.00000000       0.00000000     -49.74806504 
270       8.97196433       0.00000000       0.00000000     -49.93868368 
271       8.97673328       0.00000000       0.00000000     -50.12930232 
272       8.98148467       0.00000000       0.00000000     -50.31992095 
273       8.98621862       0.00000000       0.00000000     -50.51053959 
274       8.99093526       0.00000000       0.00000000     -50.70115823 
275       8.99563472       0.00000000       0.00000000     -50.89177687 
276       9.00031712       0.00000000       0.00000000     -51.08239550 
277       9.00498258       0.00000000       0.00000000     -51.27301414 
278       9.00963124       0.00000000       0.00000000     -51.46363278 
279       9.01426320       0.00000000       0.00000000     -51.65425142 
280       9.01887859       0.00000000       0.00000000     -51.84487006 
281       9.02347752       0.00000000       0.00000000     -52.03548869 
282       9.02806012       0.00000000       0.00000000     -52.22610733 
283       9.03262650       0.00000000       0.00000000     -52.41672597 
284       9.03717677       0.00000000       0.00000000     -52.60734461 
285       9.04171104       0.00000000       0.00000000     -52.79796324 
286       9.04622944       0.00000000       0.00000000     -52.98858188 
287       9.05073206       0.00000000       0.00000000     -53.17920052 
288       9.05521902       0.00000000       0.00000000     -53.36981916 
289       9.05969043       0.00000000       0.00000000     -53.56043780 
290       9.06414639       0.00000000       0.00000000     -53.75105643 
291       9.06858701       0.00000000       0.00000000     -53.94167507 
292       9.07301240       0.00000000       0.00000000     -54.13229371 
293       9.07742267       0.00000000       0.00000000     -54.32291235 
294       9.08181790       0.00000000       0.00000000     -54.51353098 
295       9.08619821       0.00000000       0.00000000     -54.70414962 
296       9.09056370       0.00000000       0.00000000     -54.89476826 
297       9.09491446       0.00000000       0.00000000     -55.08538690 
298       9.09925060       0.00000000       0.00000000     -55.27600554 
299       9.10357221       0.00000000       0.00000000     -55.46662417 
300       9.10787939       0.00000000       0.00000000     -55.65724281 
301       9.11217224       0.00000000       0.00000000     -55.84786145 
302       9.11645085       0.00000000       0.00000000     -56.03848009 
303       9.12071532       0.00000000       0.00000000     -56.22909872 
304       9.12496573       0.00000000       0.00000000     -56.41971736 
305       9.12920219       0.00000000       0.00000000     -56.61033600 
306       9.13342478       0.00000000       0.00000000     -56.80095464 
307       9.13763359       0.00000000       0.00000000     -56.99157328 
308       9.14182872       0.00000000       0.00000000     -57.18219191 
309       9.14601025       0.00000000       0.00000000     -57.37281055 
310       9.15017826       0.00000000       0.00000000     -57.56342919 
311       9.15433286       0.00000000       0.00000000     -57.75404783 
312       9.15847411       0.00000000       0.00000000     -57.94466646 
313       9.16260212       0.00000000       0.00000000     -58.13528510 
314       9.16671695       0.00000000       0.00000000     -58.32590374 
315       9.17081870       0.00000000       0.00000000     -58.51652238 
316       9.17490746       0.00000000       0.00000000     -58.70714102 
317       9.17898329       0.00000000       0.00000000     -58.89775965 
318       9.18304628       0.00000000       0.00000000     -59.08837829 
319       9.18709652       0.00000000       0.00000000     -59.27899693 
320       9.19113408       0.00000000       0.00000000     -59.46961557 
321       9.19515905       0.00000000       0.00000000     -59.66023420 
322       9.19917149       0.00000000       0.00000000     -59.85085284 
323       9.20317150       0.00000000       0.00000000     -60.04147148 
324       9.20715914       0.00000000       0.00000000     -60.23209012 
325       9.21113449       0.00000000       0.00000000     -60.42270876 
326       9.21509762       0.00000000       0.00000000     -60.61332739 
327       9.21904862       0.00000000       0.00000000     -60.80394603 
328       9.22298755       0.00000000       0.00000000     -60.99456467 
329       9.22691450       0.00000000       0.00000000     -61.18518331 
330       9.23082952       0.00000000       0.00000000     -61.37580194 
331       9.23473270       0.00000000       0.00000000     -61.56642058 
332       9.23862411       0.00000000       0.00000000     -61.75703922 
333       9.24250381       0.00000000       0.00000000     -61.94765786 
334       9.24637188       0.00000000       0.00000000     -62.13827650 
335       9.25022839       0.00000000       0.00000000     -62.32889513 
336       9.25407340       0.00000000       0.00000000     -62.51951377 
337       9.25790698       0.00000000       0.00000000     -62.71013241 
338       9.26172921       0.00000000       0.00000000     -62.90075105 
339       9.26554014       0.00000000       0.00000000     -63.09136968 
340       9.26933985       0.00000000       0.00000000     -63.28198832 
341       9.27312840       0.00000000       0.00000000     -63.47260696 
342       9.27690585       0.00000000       0.00000000     -63.66322560 
343       9.28067228       0.00000000       0.00000000     -63.85384424 
344       9.28442774       0.00000000       0.00000000     -64.04446287 
345       9.28817230       0.00000000       0.00000000     -64.23508151 
346       9.29190602       0.00000000       0.00000000     -64.42570015 
347       9.29562897       0.00000000       0.00000000     -64.61631879 
348       9.29934120       0.00000000       0.00000000     -64.80693742 
349       9.30304278       0.00000000       0.00000000     -64.99755606 
350       9.30673377       0.00000000       0.00000000     -65.18817470 
351       9.31041423       0.00000000       0.00000000     -65.37879334 
352       9.31408422       0.00000000       0.00000000     -65.56941198 
353       9.31774379       0.00000000       0.00000000     -65.76003061 
354       9.32139302       0.00000000       0.00000000     -65.95064925 
355       9.32503195       0.00000000       0.00000000     -66.14126789 
356       9.32866064       0.00000000       0.00000000     -66.33188653 
357       9.33227916       0.00000000       0.00000000     -66.52250516 
358       9.33588755       0.00000000       0.00000000     -66.71312380 
359       9.33948588       0.00000000       0.00000000     -66.90374244 
360       9.34307420       0.00000000       0.00000000     -67.09436108 
361       9.34665257       0.00000000       0.00000000     -67.28497972 
362       9.35022103       0.00000000       0.00000000     -67.47559835 
363       9.35377966       0.00000000       0.00000000     -67.66621699 
364       9.35732849       0.00000000       0.00000000     -67.85683563 
365       9.36086759       0.00000000       0.00000000     -68.04745427 
366       9.36439700       0.00000000       0.00000000     -68.23807290 
367       9.36791678       0.00000000       0.00000000     -68.42869154 
368       9.37142699       0.00000000       0.00000000     -68.61931018 
369       9.37492767       0.00000000       0.00000000     -68.80992882 
370       9.37841888       0.00000000       0.00000000     -69.00054746 
371       9.38190066       0.00000000       0.00000000     -69.19116609 
372       9.38537307       0.00000000       0.00000000     -69.38178473 
373       9.38883616       0.00000000       0.00000000     -69.57240337 
374       9.39228998       0.00000000       0.00000000     -69.76302201 
375       9.39573457       0.00000000       0.00000000     -69.95364064 
376       9.39916999       0.00000000       0.00000000     -70.14425928 
377       9.40259629       0.00000000       0.00000000     -70.33487792 
378       9.40601351       0.00000000       0.00000000     -70.52549656 
379       9.40942170       0.00000000       0.00000000     -70.71611520 
380       9.41282092       0.00000000       0.00000000     -70.90673383 
381       9.41621119       0.00000000       0.00000000     -71.09735247 
382       9.41959259       0.00000000       0.00000000     -71.28797111 
383       9.42296514       0.00000000       0.00000000     -71.47858975 
384       9.42632889       0.00000000       0.00000000     -71.66920838 
385       9.42968390       0.00000000       0.00000000     -71.85982702 
386       9.43303021       0.00000000       0.00000000     -72.05044566 
387       9.43636785       0.00000000       0.00000000     -72.24106430 
388       9.43969689       0.00000000       0.00000000     -72.43168294 
389       9.44301735       0.00000000       0.00000000     -72.62230157 
390       9.44632929       0.00000000       0.00000000     -72.81292021 
391       9.44963275       0.00000000       0.00000000     -73.00353885 
392       9.45292777       0.00000000       0.00000000     -73.19415749 
393       9.45621440       0.00000000       0.00000000     -73.38477612 
394       9.45949267       0.00000000       0.00000000     -73.57539476 
395       9.46276264       0.00000000       0.00000000     -73.76601340 
396       9.46602433       0.00000000       0.00000000     -73.95663204 
397       9.46927780       0.00000000       0.00000000     -74.14725068 
398       9.47252309       0.00000000       0.00000000     -74.33786931 
399       9.47576023       0.00000000       0.00000000     -74.52848795 
400       9.47898927       0.00000000       0.00000000     -74.71910659 
401       9.48221024       0.00000000       0.00000000     -74.90972523 
402       9.48542319       0.00000000       0.00000000     -75.10034386 
403       9.48862816       0.00000000       0.00000000     -75.29096250 
404       9.49182519       0.00000000       0.00000000     -75.48158114 
405       9.49501432       0.00000000       0.00000000     -75.67219978 
406       9.49819558       0.00000000       0.00000000     -75.86281842 
407       9.50136901       0.00000000       0.00000000     -76.05343705 
408       9.50453465       0.00000000       0.00000000     -76.24405569 
409       9.50769255       0.00000000       0.00000000     -76.43467433 
410       9.51084274       0.00000000       0.00000000     -76.62529297 
411       9.51398525       0.00000000       0.00000000     -76.81591160 
412       9.51712012       0.00000000       0.00000000     -77.00653024 
413       9.52024739       0.00000000       0.00000000     -77.19714888 
414       9.52336711       0.00000000       0.00000000     -77.38776752 
415       9.52647929       0.00000000       0.00000000     -77.57838616 
416       9.52958399       0.00000000       0.00000000     -77.76900479 
417       9.53268123       0.00000000       0.00000000     -77.95962343 
418       9.53577105       0.00000000       0.00000000     -78.15024207 
419       9.53885349       0.00000000       0.00000000     -78.34086071 
420       9.54192858       0.00000000       0.00000000     -78.53147934 
421       9.54499636       0.00000000       0.00000000     -78.72209798 
422       9.54805686       0.00000000       0.00000000     -78.91271662 
423       9.55111011       0.00000000       0.00000000     -79.10333526 
424       9.55415616       0.00000000       0.00000000     -79.29395390 
425       9.55719503       0.00000000       0.00000000     -79.48457253 
426       9.56022676       0.00000000       0.00000000     -79.67519117 
427       9.56325138       0.00000000       0.00000000     -79.86580981 
428       9.56626892       0.00000000       0.00000000     -80.05642845 
429       9.56927943       0.00000000       0.00000000     -80.24704708 
430       9.57228292       0.00000000       0.00000000     -80.43766572 
431       9.57527944       0.00000000       0.00000000     -80.62828436 
432       9.57826901       0.00000000       0.00000000     -80.81890300 
433       9.58125167       0.00000000       0.00000000     -81.00952164 
434       9.58422745       0.00000000       0.00000000     -81.20014027 
435       9.58719638       0.00000000       0.00000000     -81.39075891 
436       9.59015849       0.00000000       0.00000000     -81.58137755 
437       9.59311382       0.00000000       0.00000000     -81.77199619 
438       9.59606239       0.00000000       0.00000000     -81.96261482 
439       9.59900424       0.00000000       0.00000000     -82.15323346 
440       9.60193940       0.00000000       0.00000000     -82.34385210 
441       9.60486789       0.00000000       0.00000000     -82.53447074 
442       9.60778975       0.00000000       0.00000000     -82.72508938 
443       9.61070500       0.00000000       0.00000000     -82.91570801 
444       9.61361369       0.00000000       0.00000000     -83.10632665 
445       9.61651582       0.00000000       0.00000000     -83.29694529 
446       9.61941145       0.00000000       0.00000000     -83.48756393 
447       9.62230059       0.00000000       0.00000000     -83.67818256 
448       9.62518327       0.00000000       0.00000000     -83.86880120 
449       9.62805953       0.00000000       0.00000000     -84.05941984 
450       9.63092938       0.00000000       0.00000000     -84.25003848 
451       9.63379287       0.00000000       0.00000000     -84.44065712 
452       9.63665001       0.00000000       0.00000000     -84.63127575 
453       9.63950084       0.00000000       0.00000000     -84.82189439 
454       9.64234539       0.00000000       0.00000000     -85.01251303 
455       9.64518367       0.00000000       0.00000000     -85.20313167 
456       9.64801572       0.00000000       0.00000000     -85.39375030 
457       9.65084157       0.00000000       0.00000000     -85.58436894 
458       9.65366125       0.00000000       0.00000000     -85.77498758 
459       9.65647477       0.00000000       0.00000000     -85.96560622 
460       9.65928217       0.00000000       0.00000000     -86.15622486 
461       9.66208348       0.00000000       0.00000000     -86.34684349 
462       9.66487871       0.00000000       0.00000000     -86.53746213 
463       9.66766790       0.00000000       0.00000000     -86.72808077 
464       9.67045107       0.00000000       0.00000000     -86.91869941 
465       9.67322825       0.00000000       0.00000000     -87.10931804 
466       9.67599947       0.00000000       0.00000000     -87.29993668 
467       9.67876474       0.00000000       0.00000000     -87.49055532 
468       9.68152410       0.00000000       0.00000000     -87.68117396 
469       9.68427757       0.00000000       0.00000000     -87.87179260 
470       9.68702518       0.00000000       0.00000000     -88.06241123 
471       9.68976694       0.00000000       0.00000000     -88.25302987 
472       9.69250289       0.00000000       0.00000000     -88.44364851 
473       9.69523305       0.00000000       0.00000000     -88.63426715 
474       9.69795744       0.00000000       0.00000000     -88.82488578 
475       9.70067610       0.00000000       0.00000000     -89.01550442 
476       9.70338903       0.00000000       0.00000000     -89.20612306 
477       9.70609627       0.00000000       0.00000000     -89.39674170 
478       9.70879784       0.00000000       0.00000000     -89.58736034 
479       9.71149377       0.00000000       0.00000000     -89.77797897 
480       9.71418407       0.00000000       0.00000000     -89.96859761 
481       9.71686878       0.00000000       0.00000000     -90.15921625 
482       9.71954791       0.00000000       0.00000000     -90.34983489 
483       9.72222148       0.00000000       0.00000000     -90.54045352 
484       9.72488953       0.00000000       0.00000000     -90.73107216 
485       9.72755207       0.00000000       0.00000000     -90.92169080 
486       9.73020912       0.00000000       0.00000000     -91.11230944 
487       9.73286072       0.00000000       0.00000000     -91.30292808 
488       9.73550687       0.00000000       0.00000000     -91.49354671 
489       9.73814761       0.00000000       0.00000000     -91.68416535 
490       9.74078295       0.00000000       0.00000000     -91.87478399 
491       9.74341292       0.00000000       0.00000000     -92.06540263 
492       9.74603754       0.00000000       0.00000000     -92.25602126 
493       9.74865683       0.00000000       0.00000000     -92.44663990 
494       9.75127082       0.00000000       0.00000000     -92.63725854 
495       9.75387951       0.00000000       0.00000000     -92.82787718 
496       9.75648295       0.00000000       0.00000000     -93.01849582 
497       9.75908113       0.00000000       0.00000000     -93.20911445 
498       9.76167410       0.00000000       0.00000000     -93.39973309 
499       9.76426186       0.00000000       0.00000000     -93.59035173 
500       9.76684445       0.00000000       0.00000000     -93.78097037 
501       9.76942187       0.00000000       0.00000000     -93.97158900 
502       9.77199415       0.00000000       0.00000000     -94.16220764 
503       9.77456132       0.00000000       0.00000000     -94.35282628 
504       9.77712339       0.00000000       0.00000000     -94.54344492 
505       9.77968037       0.00000000       0.00000000     -94.73406356 
506       9.78223230       0.00000000       0.00000000     -94.92468219 
507       9.78477919       0.00000000       0.00000000     -95.11530083 
508       9.78732107       0.00000000       0.00000000     -95.30591947 
509       9.78985794       0.00000000       0.00000000     -95.49653811 
510       9.79238984       0.00000000       0.00000000     -95.68715674 
511       9.79491677       0.00000000       0.00000000     -95.87777538 
512       9.79743877       0.00000000       0.00000000     -96.06839402 
513       9.79995584       0.00000000       0.00000000     -96.25901266 
514       9.80246801       0.00000000       0.00000000     -96.44963130 
515       9.80497530       0.00000000       0.00000000     -96.64024993 
516       9.80747773       0.00000000       0.00000000     -96.83086857 
517       9.80997531       0.00000000       0.00000000     -97.02148721 
518       9.81246806       0.00000000       0.00000000     -97.21210585 
519       9.81495601       0.00000000       0.00000000     -97.40272448 
520       9.81743917       0.00000000       0.00000000     -97.59334312 
521       9.81991755       0.00000000       0.00000000     -97.78396176 
522       9.82239119       0.00000000       0.00000000     -97.97458040 
523       9.82486009       0.00000000       0.00000000     -98.16519904 
524       9.82732427       0.00000000       0.00000000     -98.35581767 
525       9.82978376       0.00000000       0.00000000     -98.54643631 
526       9.83223856       0.00000000       0.00000000     -98.73705495 
527       9.83468871       0.00000000       0.00000000     -98.92767359 
528       9.83713421       0.00000000       0.00000000     -99.11829222 
529       9.83957508       0.00000000       0.00000000     -99.30891086 
530       9.84201134       0.00000000       0.00000000     -99.49952950 
531       9.84444301       0.00000000       0.00000000     -99.69014814 
532       9.84687010       0.00000000       0.00000000     -99.88076678 
533       9.84929264       0.00000000       0.00000000    -100.07138541 
534       9.85171063       0.00000000       0.00000000    -100.26200405 
535       9.85412410       0.00000000       0.00000000    -100.45262269 
536       9.85653307       0.00000000       0.00000000    -100.64324133 
537       9.85893754       0.00000000       0.00000000    -100.83385996 
538       9.86133754       0.00000000       0.00000000    -101.02447860 
539       9.86373309       0.00000000       0.00000000    -101.21509724 
540       9.86612419       0.00000000       0.00000000    -101.40571588 
541       9.86851087       0.00000000       0.00000000    -101.59633452 
542       9.87089314       0.00000000       0.00000000    -101.78695315 
543       9.87327102       0.00000000       0.00000000    -101.97757179 
544       9.87564453       0.00000000       0.00000000    -102.16819043 
545       9.87801368       0.00000000       0.00000000    -102.35880907 
546       9.88037848       0.00000000       0.00000000    -102.54942770 
547       9.88273896       0.00000000       0.00000000    -102.74004634 
548       9.88509512       0.00000000       0.00000000    -102.93066498 
549       9.88744699       0.00000000       0.00000000    -103.12128362 
550       9.88979458       0.00000000       0.00000000    -103.31190226 
551       9.89213790       0.00000000       0.00000000    -103.50252089 
552       9.89447698       0.00000000       0.00000000    -103.69313953 
553       9.89681182       0.00000000       0.00000000    -103.88375817 
554       9.89914245       0.00000000       0.00000000    -104.07437681 
555       9.90146887       0.00000000       0.00000000    -104.26499544 
556       9.90379110       0.00000000       0.00000000    -104.45561408 
557       9.90610916       0.00000000       0.00000000    -104.64623272 
558       9.90842306       0.00000000       0.00000000    -104.83685136 
559       9.91073282       0.00000000       0.00000000    -105.02747000 
560       9.91303845       0.00000000       0.00000000    -105.21808863 
561       9.91533997       0.00000000       0.00000000    -105.40870727 
562       9.91763739       0.00000000       0.00000000    -105.59932591 
563       9.91993072       0.00000000       0.00000000    -105.78994455 
564       9.92221998       0.00000000       0.00000000    -105.98056318 
565       9.92450519       0.00000000       0.00000000    -106.17118182 
566       9.92678636       0.00000000       0.00000000    -106.36180046 
567       9.92906350       0.00000000       0.00000000    -106.55241910 
568       9.93133663       0.00000000       0.00000000    -106.74303774 
569       9.93360576       0.00000000       0.00000000    -106.93365637 
570       9.93587091       0.00000000       0.00000000    -107.12427501 
571       9.93813208       0.00000000       0.00000000    -107.31489365 
572       9.94038930       0.00000000       0.00000000    -107.50551229 
573       9.94264257       0.00000000       0.00000000    -107.69613092 
574       9.94489192       0.00000000       0.00000000    -107.88674956 
575       9.94713735       0.00000000       0.00000000    -108.07736820 
576       9.94937888       0.00000000       0.00000000    -108.26798684 
577       9.95161652       0.00000000       0.00000000    -108.45860548 
578       9.95385029       0.00000000       0.00000000    -108.64922411 
579       9.95608020       0.00000000       0.00000000    -108.83984275 
580       9.95830625       0.00000000       0.00000000    -109.03046139 
581       9.96052848       0.00000000       0.00000000    -109.22108003 
582       9.96274688       0.00000000       0.00000000    -109.41169866 
583       9.96496147       0.00000000       0.00000000    -109.60231730 
584       9.96717227       0.00000000       0.00000000    -109.79293594 
585       9.96937928       0.00000000       0.00000000    -109.98355458 
586       9.97158253       0.00000000       0.00000000    -110.17417322 
587       9.97378202       0.00000000       0.00000000    -110.36479185 
588       9.97597776       0.00000000       0.00000000    -110.55541049 
589       9.97816978       0.00000000       0.00000000    -110.74602913 
590       9.98035807       0.00000000       0.00000000    -110.93664777 
591       9.98254266       0.00000000       0.00000000    -111.12726640 
592       9.98472356       0.00000000       0.00000000    -111.31788504 
593       9.98690077       0.00000000       0.00000000    -111.50850368 
594       9.98907432       0.00000000       0.00000000    -111.69912232 
595       9.99124421       0.00000000       0.00000000    -111.88974096 
596       9.99341046       0.00000000       0.00000000    -112.08035959 
597       9.99557308       0.00000000       0.00000000    -112.27097823 
598       9.99773207       0.00000000       0.00000000    -112.46159687 
599       9.99988746       0.00000000       0.00000000    -112.65221551 
600      10.00203926       0.00000000       0.00000000    -112.84283414 
601      10.00418747       0.00000000       0.00000000    -113.03345278 
602      10.00633210       0.00000000       0.00000000    -113.22407142 
603      10.00847318       0.00000000       0.00000000    -113.41469006 
604      10.01061072       0.00000000       0.00000000    -113.60530870 
605      10.01274471       0.00000000       0.00000000    -113.79592733 
606      10.01487518       0.00000000       0.00000000    -113.98654597 
607      10.01700214       0.00000000       0.00000000    -114.17716461 
608      10.01912560       0.00000000       0.00000000    -114.36778325 
609      10.02124557       0.00000000       0.00000000    -114.55840188 
610      10.02336205       0.00000000       0.00000000    -114.74902052 
611      10.02547508       0.00000000       0.00000000    -114.93963916 
612      10.02758464       0.00000000       0.00000000    -115.13025780 
613      10.02969077       0.00000000       0.00000000    -115.32087644 
614      10.03179346       0.00000000       0.00000000    -115.51149507 
615      10.03389273       0.00000000       0.00000000    -115.70211371 
616      10.03598858       0.00000000       0.00000000    -115.89273235 
617      10.03808104       0.00000000       0.00000000    -116.08335099 
618      10.04017011       0.00000000       0.00000000    -116.27396962 
619      10.04225580       0.00000000       0.00000000    -116.46458826 
620      10.04433813       0.00000000       0.00000000    -116.65520690 
621      10.04641710       0.00000000       0.00000000    -116.84582554 
622      10.04849272       0.00000000       0.00000000    -117.03644418 
623      10.05056501       0.00000000       0.00000000    -117.22706281 
624      10.05263398       0.00000000       0.00000000    -117.41768145 
625      10.05469963       0.00000000       0.00000000    -117.60830009 
626      10.05676198       0.00000000       0.00000000    -117.79891873 
627      10.05882104       0.00000000       0.00000000    -117.98953736 
628      10.06087681       0.00000000       0.00000000    -118.18015600 
629      10.06292932       0.00000000       0.00000000    -118.37077464 
630      10.06497857       0.00000000       0.00000000    -118.56139328 
631      10.06702456       0.00000000       0.00000000    -118.75201192 
632      10.06906732       0.00000000       0.00000000    -118.94263055 
633      10.07110684       0.00000000       0.00000000    -119.13324919 
634      10.07314315       0.00000000       0.00000000    -119.32386783 
635      10.07517625       0.00000000       0.00000000    -119.51448647 
636      10.07720615       0.00000000       0.00000000    -119.70510510 
637      10.07923286       0.00000000       0.00000000    -119.89572374 
638      10.08125639       0.00000000       0.00000000    -120.08634238 
639      10.08327675       0.00000000       0.00000000    -120.27696102 
640      10.08529395       0.00000000       0.00000000    -120.46757966 
641      10.08730800       0.00000000       0.00000000    -120.65819829 
642      10.08931891       0.00000000       0.00000000    -120.84881693 
643      10.09132669       0.00000000       0.00000000    -121.03943557 
644      10.09333136       0.00000000       0.00000000    -121.23005421 
645      10.09533291       0.00000000       0.00000000    -121.42067284 
646      10.09733136       0.00000000       0.00000000    -121.61129148 
647      10.09932672       0.00000000       0.00000000    -121.80191012 
648      10.10131900       0.00000000       0.00000000    -121.99252876 
649      10.10330820       0.00000000       0.00000000    -122.18314740 
650      10.10529435       0.00000000       0.00000000    -122.37376603 
651      10.10727744       0.00000000       0.00000000    -122.56438467 
652      10.10925748       0.00000000       0.00000000    -122.75500331 
653      10.11123450       0.00000000       0.00000000    -122.94562195 
654      10.11320848       0.00000000       0.00000000    -123.13624058 
655      10.11517945       0.00000000       0.00000000    -123.32685922 
656      10.11714742       0.00000000       0.00000000    -123.51747786 
657      10.11911238       0.00000000       0.00000000    -123.70809650 
658      10.12107436       0.00000000       0.00000000    -123.89871514 
659      10.12303336       0.00000000       0.00000000    -124.08933377 
660      10.12498939       0.00000000       0.00000000    -124.27995241 
661      10.12694245       0.00000000       0.00000000    -124.47057105 
662      10.12889257       0.00000000       0.00000000    -124.66118969 
663      10.13083974       0.00000000       0.00000000    -124.85180832 
664      10.13278397       0.00000000       0.00000000    -125.04242696 
665      10.13472528       0.00000000       0.00000000    -125.23304560 
666      10.13666367       0.00000000       0.00000000    -125.42366424 
667      10.13859916       0.00000000       0.00000000    -125.61428288 
668      10.14053174       0.00000000       0.00000000    -125.80490151 
669      10.14246144       0.00000000       0.00000000    -125.99552015 
670      10.14438825       0.00000000       0.00000000    -126.18613879 
671      10.14631219       0.00000000       0.00000000    -126.37675743 
672      10.14823326       0.00000000       0.00000000    -126.56737606 
673      10.15015148       0.00000000       0.00000000    -126.75799470 
674      10.15206684       0.00000000       0.00000000    -126.94861334 
675      10.15397937       0.00000000       0.00000000    -127.13923198 
676      10.15588907       0.00000000       0.00000000    -127.32985062 
677      10.15779594       0.00000000       0.00000000    -127.52046925 
678      10.15970000       0.00000000       0.00000000    -127.71108789 
679      10.16160125       0.00000000       0.00000000    -127.90170653 
680      10.16349971       0.00000000       0.00000000    -128.09232517 
681      10.16539537       0.00000000       0.00000000    -128.28294380 
682      10.16728826       0.00000000       0.00000000    -128.47356244 
683      10.16917837       0.00000000       0.00000000    -128.66418108 
684      10.17106571       0.00000000       0.00000000    -128.85479972 
685      10.17295030       0.00000000       0.00000000    -129.04541836 
686      10.17483214       0.00000000       0.00000000    -129.23603699 
687      10.17671124       0.00000000       0.00000000    -129.42665563 
688      10.17858760       0.00000000       0.00000000    -129.61727427 
689      10.18046124       0.00000000       0.00000000    -129.80789291 
690      10.18233216       0.00000000       0.00000000    -129.99851154 
691      10.18420037       0.00000000       0.00000000    -130.18913018 
692      10.18606588       0.00000000       0.00000000    -130.37974882 
693      10.18792870       0.00000000       0.00000000    -130.57036746 
694      10.18978883       0.00000000       0.00000000    -130.76098610 
695      10.19164628       0.00000000       0.00000000    -130.95160473 
696      10.19350106       0.00000000       0.00000000    -131.14222337 
697      10.19535318       0.00000000       0.00000000    -131.33284201 
698      10.19720264       0.00000000       0.00000000    -131.52346065 
699      10.19904946       0.00000000       0.00000000    -131.71407928 
700      10.20089363       0.00000000       0.00000000    -131.90469792 
701      10.20273517       0.00000000       0.00000000    -132.09531656 
702      10.20457409       0.00000000       0.00000000    -132.28593520 
703      10.20641039       0.00000000       0.00000000    -132.47655384 
704      10.20824408       0.00000000       0.00000000    -132.66717247 
705      10.21007517       0.00000000       0.00000000    -132.85779111 
706      10.21190366       0.00000000       0.00000000    -133.04840975 
707      10.21372956       0.00000000       0.00000000    -133.23902839 
708      10.21555288       0.00000000       0.00000000    -133.42964702 
709      10.21737363       0.00000000       0.00000000    -133.62026566 
710      10.21919181       0.00000000       0.00000000    -133.81088430 
711      10.22100743       0.00000000       0.00000000    -134.00150294 
712      10.22282051       0.00000000       0.00000000    -134.19212158 
713      10.22463103       0.00000000       0.00000000    -134.38274021 
714      10.22643902       0.00000000       0.00000000    -134.57335885 
715      10.22824448       0.00000000       0.00000000    -134.76397749 
716      10.23004742       0.00000000       0.00000000    -134.95459613 
717      10.23184783       0.00000000       0.00000000    -135.14521476 
718      10.23364574       0.00000000       0.00000000    -135.33583340 
719      10.23544115       0.00000000       0.00000000    -135.52645204 
720      10.23723406       0.00000000       0.00000000    -135.71707068 
721      10.23902449       0.00000000       0.00000000    -135.90768932 
722      10.24081243       0.00000000       0.00000000    -136.09830795 
723      10.24259790       0.00000000       0.00000000    -136.28892659 
724      10.24438090       0.00000000       0.00000000    -136.47954523 
725      10.24616143       0.00000000       0.00000000    -136.67016387 
726      10.24793952       0.00000000       0.00000000    -136.86078250 
727      10.24971516       0.00000000       0.00000000    -137.05140114 
728      10.25148835       0.00000000       0.00000000    -137.24201978 
729      10.25325911       0.00000000       0.00000000    -137.43263842 
730      10.25502745       0.00000000       0.00000000    -137.62325706 
731      10.25679336       0.00000000       0.00000000    -137.81387569 
732      10.25855686       0.00000000       0.00000000    -138.00449433 
733      10.26031796       0.00000000       0.00000000    -138.19511297 
734      10.26207665       0.00000000       0.00000000    -138.38573161 
735      10.26383294       0.00000000       0.00000000    -138.57635024 
736      10.26558685       0.00000000       0.00000000    -138.76696888 
737      10.26733838       0.00000000       0.00000000    -138.95758752 
738      10.26908753       0.00000000       0.00000000    -139.14820616 
739      10.27083432       0.00000000       0.00000000    -139.33882480 
740      10.27257874       0.00000000       0.00000000    -139.52944343 
741      10.27432081       0.00000000       0.00000000    -139.72006207 
742      10.27606052       0.00000000       0.00000000    -139.91068071 
743      10.27779790       0.00000000       0.00000000    -140.10129935 
744      10.27953293       0.00000000       0.00000000    -140.29191798 
745      10.28126564       0.00000000       0.00000000    -140.48253662 
746      10.28299602       0.00000000       0.00000000    -140.67315526 
747      10.28472409       0.00000000       0.00000000    -140.86377390 
748      10.28644984       0.00000000       0.00000000    -141.05439254 
749      10.28817329       0.00000000       0.00000000    -141.24501117 
750      10.28989444       0.00000000       0.00000000    -141.43562981 
751      10.29161329       0.00000000       0.00000000    -141.62624845 
752      10.29332986       0.00000000       0.00000000    -141.81686709 
753      10.29504414       0.00000000       0.00000000    -142.00748572 
754      10.29675615       0.00000000       0.00000000    -142.19810436 
755      10.29846590       0.00000000       0.00000000    -142.38872300 
756      10.30017338       0.00000000       0.00000000    -142.57934164 
757      10.30187860       0.00000000       0.00000000    -142.76996028 
758      10.30358157       0.00000000       0.00000000    -142.96057891 
759      10.30528229       0.00000000       0.00000000    -143.15119755 
760      10.30698078       0.00000000       0.00000000    -143.34181619 
761      10.30867703       0.00000000       0.00000000    -143.53243483 
762      10.31037106       0.00000000       0.00000000    -143.72305346 
763      10.31206286       0.00000000       0.00000000    -143.91367210 
764      10.31375245       0.00000000       0.00000000    -144.10429074 
765      10.31543983       0.00000000       0.00000000    -144.29490938 
766      10.31712500       0.00000000       0.00000000    -144.48552802 
767      10.31880797       0.00000000       0.00000000    -144.67614665 
768      10.32048876       0.00000000       0.00000000    -144.86676529 
769      10.32216735       0.00000000       0.00000000    -145.05738393 
770      10.32384376       0.00000000       0.00000000    -145.24800257 
771      10.32551800       0.00000000       0.00000000    -145.43862120 
772      10.32719007       0.00000000       0.00000000    -145.62923984 
773      10.32885997       0.00000000       0.00000000    -145.81985848 
774      10.33052772       0.00000000       0.00000000    -146.01047712 
775      10.33219331       0.00000000       0.00000000    -146.20109576 
776      10.33385675       0.00000000       0.00000000    -146.39171439 
777      10.33551805       0.00000000       0.00000000    -146.58233303 
778      10.33717722       0.00000000       0.00000000    -146.77295167 
779      10.33883425       0.00000000       0.00000000    -146.96357031 
780      10.34048916       0.00000000       0.00000000    -147.15418894 
781      10.34214194       0.00000000       0.00000000    -147.34480758 
782      10.34379262       0.00000000       0.00000000    -147.53542622 
783      10.34544118       0.00000000       0.00000000    -147.72604486 
784      10.34708764       0.00000000       0.00000000    -147.91666350 
785      10.34873200       0.00000000       0.00000000    -148.10728213 
786      10.35037426       0.00000000       0.00000000    -148.29790077 
787      10.35201444       0.00000000       0.00000000    -148.48851941 
788      10.35365254       0.00000000       0.00000000    -148.67913805 
789      10.35528855       0.00000000       0.00000000    -148.86975668 
790      10.35692250       0.00000000       0.00000000    -149.06037532 
791      10.35855438       0.00000000       0.00000000    -149.25099396 
792      10.36018420       0.00000000       0.00000000    -149.44161260 
793      10.36181196       0.00000000       0.00000000    -149.63223124 
794      10.36343767       0.00000000       0.00000000    -149.82284987 
795      10.36506133       0.00000000       0.00000000    -150.01346851 
796      10.36668295       0.00000000       0.00000000    -150.20408715 
797      10.36830254       0.00000000       0.00000000    -150.39470579 
798      10.36992009       0.00000000       0.00000000    -150.58532442 
799      10.37153562       0.00000000       0.00000000    -150.77594306 
800      10.37314913       0.00000000       0.00000000    -150.96656170 
801      10.37476062       0.00000000       0.00000000    -151.15718034 
802      10.37637010       0.00000000       0.00000000    -151.34779898 
803      10.37797758       0.00000000       0.00000000    -151.53841761 
804      10.37958306       0.00000000       0.00000000    -151.72903625 
805      10.38118654       0.00000000       0.00000000    -151.91965489 
806      10.38278803       0.00000000       0.00000000    -152.11027353 
807      10.38438753       0.00000000       0.00000000    -152.30089216 
808      10.38598506       0.00000000       0.00000000    -152.49151080 
809      10.38758060       0.00000000       0.00000000    -152.68212944 
810      10.38917418       0.00000000       0.00000000    -152.87274808 
811      10.39076579       0.00000000       0.00000000    -153.06336672 
812      10.39235544       0.00000000       0.00000000    -153.25398535 
813      10.39394313       0.00000000       0.00000000    -153.44460399 
814      10.39552887       0.00000000       0.00000000    -153.63522263 
815      10.39711267       0.00000000       0.00000000    -153.82584127 
816      10.39869452       0.00000000       0.00000000    -154.01645990 
817      10.40027443       0.00000000       0.00000000    -154.20707854 
818      10.40185241       0.00000000       0.00000000    -154.39769718 
819      10.40342847       0.00000000       0.00000000    -154.58831582 
820      10.40500260       0.00000000       0.00000000    -154.77893446 
821      10.40657481       0.00000000       0.00000000    -154.96955309 
822      10.40814511       0.00000000       0.00000000    -155.16017173 
823      10.40971350       0.00000000       0.00000000    -155.35079037 
824      10.41127998       0.00000000       0.00000000    -155.54140901 
825      10.41284457       0.00000000       0.00000000    -155.73202764 
826      10.41440726       0.00000000       0.00000000    -155.92264628 
827      10.41596806       0.00000000       0.00000000    -156.11326492 
828      10.41752697       0.00000000       0.00000000    -156.30388356 
829      10.41908400       0.00000000       0.00000000    -156.49450220 
830      10.42063915       0.00000000       0.00000000    -156.68512083 
831      10.42219244       0.00000000       0.00000000    -156.87573947 
832      10.42374385       0.00000000       0.00000000    -157.06635811 
833      10.42529340       0.00000000       0.00000000    -157.25697675 
834      10.42684109       0.00000000       0.00000000    -157.44759538 
835      10.42838693       0.00000000       0.00000000    -157.63821402 
836      10.42993091       0.00000000       0.00000000    -157.82883266 
837      10.43147305       0.00000000       0.00000000    -158.01945130 
838      10.43301335       0.00000000       0.00000000    -158.21006994 
839      10.43455181       0.00000000       0.00000000    -158.40068857 
840      10.43608844       0.00000000       0.00000000    -158.59130721 
841      10.43762324       0.00000000       0.00000000    -158.78192585 
842      10.43915622       0.00000000       0.00000000    -158.97254449 
843      10.44068738       0.00000000       0.00000000    -159.16316312 
844      10.44221672       0.00000000       0.00000000    -159.35378176 
845      10.44374425       0.00000000       0.00000000    -159.54440040 
846      10.44526997       0.00000000       0.00000000    -159.73501904 
847      10.44679390       0.00000000       0.00000000    -159.92563768 
848      10.44831602       0.00000000       0.00000000    -160.11625631 
849      10.44983635       0.00000000       0.00000000    -160.30687495 
850      10.45135489       0.00000000       0.00000000    -160.49749359 
851      10.45287165       0.00000000       0.00000000    -160.68811223 
852      10.45438662       0.00000000       0.00000000    -160.87873086 
853      10.45589982       0.00000000       0.00000000    -161.06934950 
854      10.45741124       0.00000000       0.00000000    -161.25996814 
855      10.45892089       0.00000000       0.00000000    -161.45058678 
856      10.46042879       0.00000000       0.00000000    -161.64120542 
857      10.46193491       0.00000000       0.00000000    -161.83182405 
858      10.46343929       0.00000000       0.00000000    -162.02244269 
859      10.46494191       0.00000000       0.00000000    -162.21306133 
860      10.46644278       0.00000000       0.00000000    -162.40367997 
861      10.46794191       0.00000000       0.00000000    -162.59429860 
862      10.46943930       0.00000000       0.00000000    -162.78491724 
863      10.47093495       0.00000000       0.00000000    -162.97553588 
864      10.47242887       0.00000000       0.00000000    -163.16615452 
865      10.47392106       0.00000000       0.00000000    -163.35677316 
866      10.47541153       0.00000000       0.00000000    -163.54739179 
867      10.47690028       0.00000000       0.00000000    -163.73801043 
868      10.47838731       0.00000000       0.00000000    -163.92862907 
869      10.47987263       0.00000000       0.00000000    -164.11924771 
870      10.48135624       0.00000000       0.00000000    -164.30986634 
871      10.48283815       0.00000000       0.00000000    -164.50048498 
872      10.48431836       0.00000000       0.00000000    -164.69110362 
873      10.48579687       0.00000000       0.00000000    -164.88172226 
874      10.48727368       0.00000000       0.00000000    -165.07234090 
875      10.48874881       0.00000000       0.00000000    -165.26295953 
876      10.49022226       0.00000000       0.00000000    -165.45357817 
877      10.49169402       0.00000000       0.00000000    -165.64419681 
878      10.49316411       0.00000000       0.00000000    -165.83481545 
879      10.49463252       0.00000000       0.00000000    -166.02543408 
880      10.49609926       0.00000000       0.00000000    -166.21605272 
881      10.49756434       0.00000000       0.00000000    -166.40667136 
882      10.49902775       0.00000000       0.00000000    -166.59729000 
883      10.50048951       0.00000000       0.00000000    -166.78790864 
884      10.50194961       0.00000000       0.00000000    -166.97852727 
885      10.50340806       0.00000000       0.00000000    -167.16914591 
886      10.50486487       0.00000000       0.00000000    -167.35976455 
887      10.50632003       0.00000000       0.00000000    -167.55038319 
888      10.50777355       0.00000000       0.00000000    -167.74100182 
889      10.50922543       0.00000000       0.00000000    -167.93162046 
890      10.51067569       0.00000000       0.00000000    -168.12223910 
891      10.51212431       0.00000000       0.00000000    -168.31285774 
892      10.51357131       0.00000000       0.00000000    -168.50347638 
893      10.51501669       0.00000000       0.00000000    -168.69409501 
894      10.51646045       0.00000000       0.00000000    -168.88471365 
895      10.51790260       0.00000000       0.00000000    -169.07533229 
896      10.51934313       0.00000000       0.00000000    -169.26595093 
897      10.52078206       0.00000000       0.00000000    -169.45656956 
898      10.52221939       0.00000000       0.00000000    -169.64718820 
899      10.52365511       0.00000000       0.00000000    -169.83780684 
900      10.52508924       0.00000000       0.00000000    -170.02842548 
901      10.52652178       0.00000000       0.00000000    -170.21904412 
902      10.52795273       0.00000000       0.00000000    -170.40966275 
903      10.52938209       0.00000000       0.00000000    -170.60028139 
904      10.53080987       0.00000000       0.00000000    -170.79090003 
905      10.53223608       0.00000000       0.00000000    -170.98151867 
906      10.53366070       0.00000000       0.00000000    -171.17213730 
907      10.53508376       0.00000000       0.00000000    -171.36275594 
908      10.53650525       0.00000000       0.00000000    -171.55337458 
909      10.53792517       0.00000000       0.00000000    -171.74399322 
910      10.53934353       0.00000000       0.00000000    -171.93461186 
911      10.54076034       0.00000000       0.00000000    -172.12523049 
912      10.54217559       0.00000000       0.00000000    -172.31584913 
913      10.54358929       0.00000000       0.00000000    -172.50646777 
914      10.54500144       0.00000000       0.00000000    -172.69708641 
915      10.54641204       0.00000000       0.00000000    -172.88770504 
916      10.54782111       0.00000000       0.00000000    -173.07832368 
917      10.54922864       0.00000000       0.00000000    -173.26894232 
918      10.55063463       0.00000000       0.00000000    -173.45956096 
919      10.55203910       0.00000000       0.00000000    -173.65017960 
920      10.55344203       0.00000000       0.00000000    -173.84079823 
921      10.55484345       0.00000000       0.00000000    -174.03141687 
922      10.55624334       0.00000000       0.00000000    -174.22203551 
923      10.55764171       0.00000000       0.00000000    -174.41265415 
924      10.55903857       0.00000000       0.00000000    -174.60327278 
925      10.56043392       0.00000000       0.00000000    -174.79389142 
926      10.56182776       0.00000000       0.00000000    -174.98451006 
927      10.56322010       0.00000000       0.00000000    -175.17512870 
928      10.56461094       0.00000000       0.00000000    -175.36574734 
929      10.56600027       0.00000000       0.00000000    -175.55636597 
930      10.56738812       0.00000000       0.00000000    -175.74698461 
931      10.56877447       0.00000000       0.00000000    -175.93760325 
932      10.57015933       0.00000000       0.00000000    -176.12822189 
933      10.57154271       0.00000000       0.00000000    -176.31884052 
934      10.57292461       0.00000000       0.00000000    -176.50945916 
935      10.57430502       0.00000000       0.00000000    -176.70007780 
936      10.57568396       0.00000000       0.00000000    -176.89069644 
937      10.57706143       0.00000000       0.00000000    -177.08131508 
938      10.57843743       0.00000000       0.00000000    -177.27193371 
939      10.57981197       0.00000000       0.00000000    -177.46255235 
940      10.58118504       0.00000000       0.00000000    -177.65317099 
941      10.58255665       0.00000000       0.00000000    -177.84378963 
942      10.58392680       0.00000000       0.00000000    -178.03440826 
943      10.58529550       0.00000000       0.00000000    -178.22502690 
944      10.58666275       0.00000000       0.00000000    -178.41564554 
945      10.58802856       0.00000000       0.00000000    -178.60626418 
946      10.58939291       0.00000000       0.00000000    -178.79688282 
947      10.59075583       0.00000000       0.00000000    -178.98750145 
948      10.59211731       0.00000000       0.00000000    -179.17812009 
949      10.59347735       0.00000000       0.00000000    -179.36873873 
950      10.59483596       0.00000000       0.00000000    -179.55935737 
951      10.59619314       0.00000000       0.00000000    -179.74997600 
952      10.59754889       0.00000000       0.00000000    -179.94059464 
953      10.59890323       0.00000000       0.00000000    -180.13121328 
954      10.60025614       0.00000000       0.00000000    -180.32183192 
955      10.60160763       0.00000000       0.00000000    -180.51245056 
956      10.60295771       0.00000000       0.00000000    -180.70306919 
957      10.60430637       0.00000000       0.00000000    -180.89368783 
958      10.60565363       0.00000000       0.00000000    -181.08430647 
959      10.60699949       0.00000000       0.00000000    -181.27492511 
960      10.60834394       0.00000000       0.00000000    -181.46554374 
961      10.60968699       0.00000000       0.00000000    -181.65616238 
962      10.61102864       0.00000000       0.00000000    -181.84678102 
963      10.61236890       0.00000000       0.00000000    -182.03739966 
964      10.61370777       0.00000000       0.00000000    -182.22801830 
965      10.61504525       0.00000000       0.00000000    -182.41863693 
966      10.61638135       0.00000000       0.00000000    -182.60925557 
967      10.61771606       0.00000000       0.00000000    -182.79987421 
968      10.61904939       0.00000000       0.00000000    -182.99049285 
969      10.62038135       0.00000000       0.00000000    -183.18111148 
970      10.62171193       0.00000000       0.00000000    -183.37173012 
971      10.62304114       0.00000000       0.00000000    -183.56234876 
972      10.62436899       0.00000000       0.00000000    -183.75296740 
973      10.62569547       0.00000000       0.00000000    -183.94358604 
974      10.62702058       0.00000000       0.00000000    -184.13420467 
975      10.62834434       0.00000000       0.00000000    -184.32482331 
976      10.62966674       0.00000000       0.00000000    -184.51544195 
977      10.63098778       0.00000000       0.00000000    -184.70606059 
978      10.63230747       0.00000000       0.00000000    -184.89667922 
979      10.63362582       0.00000000       0.00000000    -185.08729786 
980      10.63494282       0.00000000       0.00000000    -185.27791650 
981      10.63625847       0.00000000       0.00000000    -185.46853514 
982      10.63757279       0.00000000       0.00000000    -185.65915377 
983      10.63888576       0.00000000       0.00000000    -185.84977241 
984      10.64019741       0.00000000       0.00000000    -186.04039105 
985      10.64150772       0.00000000       0.00000000    -186.23100969 
986      10.64281670       0.00000000       0.00000000    -186.42162833 
987      10.64412435       0.00000000       0.00000000    -186.61224696 
988      10.64543068       0.00000000       0.00000000    -186.80286560 
989      10.64673569       0.00000000       0.00000000    -186.99348424 
990      10.64803938       0.00000000       0.00000000    -187.18410288 
991      10.64934175       0.00000000       0.00000000    -187.37472151 
992      10.65064281       0.00000000       0.00000000    -187.56534015 
993      10.65194256       0.00000000       0.00000000    -187.75595879 
994      10.65324100       0.00000000       0.00000000    -187.94657743 
995      10.65453813       0.00000000       0.00000000    -188.13719607 
996      10.65583396       0.00000000       0.00000000    -188.32781470 
997      10.65712849       0.00000000       0.00000000    -188.51843334 
998      10.65842173       0.00000000       0.00000000    -188.70905198 
999      10.65971366       0.00000000       0.00000000    -188.89967062 
1000      10.66100431       0.00000000       0.00000000    -189.09028925 
