 Pt           R                 X                Y               E
  5       3.32086807      67.03746250      71.67942878       0.57278937 
  4       3.80781109     116.16600000      18.44382962       0.76884965 
  3       2.98667235      75.02387500      46.94792996       0.95968591 
  4       3.80705530      83.25230000      23.47396498       0.76884763 
  3       2.98633592      87.60852500       0.83835589       0.95969046 
  4       3.80705530     -34.12376250     112.75886749       0.76884763 
  3       2.97561209      42.11017500      10.89862660       0.95418000 
  3       2.98361137      58.56702500      66.23011548       0.94983639 
  5       3.95519852      16.94087500      53.65477710       0.58007359 
  3       2.98361137      82.76827500      37.72601515       0.94983639 
  4       3.40871735      94.62688750      52.39724326       0.76719351 
  5       3.95519852     102.61330000      35.21094747       0.58007359 
  5       4.19670411     -26.37936250      57.42737861       0.58207156 
  3       2.98361137      40.65810000      33.53423568       0.94983639 
  2       2.79100264       2.42012500      79.64380975       1.12859649 
  3       2.90420026      70.90966250     100.18352911       0.96192135 
  5       3.37496538     -19.60301250     112.75886749       0.57185810 
  5       3.84258034     -28.55747500      76.29038618       0.58153200 
  5       4.12011909      53.00073750      79.22463180       0.58073439 
  3       2.98702001      -1.45207500      94.73421581       0.95970682 
  4       3.40532512      77.44400000      16.76711784       0.76744319 
  5       4.20609141      12.82666250      89.28490251       0.56916098 
  2       2.81726766      75.02387500      71.26025083       1.14117534 
  4       3.80705530     -10.40653750      67.48764932       0.76884763 
  4       3.40575678     -33.39772500      61.19998013       0.76744277 
  4       3.40532512      71.39368750      34.79176953       0.76744319 
  2       2.73305264      65.34337500      14.25205016       1.12928328 
  3       2.98699161      32.42967500      41.07943872       0.95949123 
  5       4.13517505     -45.01432500     108.14791009       0.57923960 
  5       3.41465927      19.36100000      62.03833602       0.57352190 
  5       3.85085560     -15.24678750      75.03285234       0.58127293 
  5       3.41465927       9.19647500     108.14791009       0.57352190 
  3       2.97592016      26.37936250      68.32600521       0.95061838 
  3       2.98702001     -10.89056250     101.02188501       0.95970682 
  3       2.98361137      20.57106250       7.12602508       0.94983639 
  2       2.79021837      53.24275000       0.00000000       1.14179444 
  3       2.98699161     -48.88652500      84.67394510       0.95949123 
  4       3.80781109      87.36651250      64.97258164       0.76884965 
  3       2.98633592      -1.45207500      42.75615050       0.95969046 
  5       4.19670411     101.40323750      24.73149881       0.58207156 
  2       2.79114648      27.58942500      83.83558921       1.12859725 
  2       2.81883172      -4.84025000      84.67394510       1.14123858 
  5       3.84258034      65.10136250      93.47668197       0.58153200 
  5       4.20831736      11.61660000      37.72601515       0.57117317 
  4       3.40600913      47.91847500      20.95889730       0.76744154 
  3       2.98667235       8.47043750      47.36710791       0.95968591 
  5       4.21767649     -51.30665000      93.89585991       0.57449383 
  5       4.07599753      27.34741250      26.40821060       0.57898836 
  3       2.97042544      42.59420000      39.40272693       0.95472066 
  5       3.37496538      42.83621250      54.07395504       0.57185810 
  3       2.98633592      44.53030000      98.92599528       0.95969046 
  5       4.07599753      52.27470000      88.86572456       0.57898836 
  5       3.95519852      31.46162500       7.54520303       0.58007359 
  4       3.40600913     -37.51193750      97.66846144       0.76744154 
  5       3.37496538     105.75946250       7.96438097       0.57185810 
  4       3.40600913      39.44803750       3.77260151       0.76744154 
  2       2.81883172      91.72273750       8.80273687       1.14123858 
  2       2.79231593      22.74917500      75.45203029       1.14181141 
  5       4.13517505     106.00147500       0.00000000       0.57923960 
  4       3.40532512      39.69005000      24.31232087       0.76744319 
  5       3.32086807      79.62211250      29.76163417       0.57278937 
  5       4.20831736      -3.63018750       6.28766919       0.57117317 
  2       2.78843079      16.94087500      43.59450639       1.12928439 
  4       3.80781109      62.19721250      54.91231094       0.76884965 
  3       2.98633592      60.26111250      23.89314292       0.95969046 
  5       4.21767649      30.25156250      49.04381969       0.57449383 
  5       4.13517505      55.66287500      29.34245622       0.57923960 
  2       2.78843079       2.42012500      70.42189494       1.12928439 
  3       2.98699161       1.69408750      26.40821060       0.95949123 
  2       2.79021837       6.29232500      11.73698249       1.14179444 
  4       3.80705530      16.69886250      69.16436110       0.76884763 
  4       3.40575678     115.19795000       1.67671178       0.76744277 
  5       3.95519852      20.32905000      17.60547373       0.58007359 
  2       2.81883172       0.96805000     103.95613063       1.14123858 
  3       3.10320453      52.27470000      57.00820067       0.95054819 
  3       2.97042544      27.58942500     108.14791009       0.95472066 
  5       3.32086807      41.86816250      70.84107288       0.57278937 
  5       4.13517505      31.21961250      90.12325840       0.57923960 
  5       4.19531181     -41.86816250      87.60819072       0.57901575 
  3       2.98702001      20.57106250      97.66846144       0.95970682 
  5       4.07599753     -17.18288750      44.01368434       0.57898836 
  3       2.98702001      24.44326250       2.09588973       0.95970682 
  5       4.22288627      61.47117500       2.51506768       0.57894476 
  3       2.97592016       7.74440000      72.93696261       0.95061838 
  5       4.13517505      69.45758750      62.45751396       0.57923960 
  5       4.19670411      34.84980000      16.76711784       0.58207156 
  2       2.73305264      46.95042500      75.45203029       1.12928328 
  5       4.19670411     -29.28351250      93.47668197       0.58207156 
  3       2.98361137      -9.19647500      24.31232087       0.94983639 
  3       2.98702001     -60.01910000     112.33968955       0.95970682 
  5       3.55393743      13.31068750      21.37807525       0.57599677 
  2       2.78843079      62.19721250      85.09312305       1.12928439 
  3       2.98667235      88.09255000      15.92876195       0.95968591 
  3       2.98361137      88.09255000      54.49313299       0.94983639 
  5       3.85085560     -11.85861250      57.42737861       0.58127293 
  2       2.79114648     -37.26992500      75.45203029       1.12859725 
  3       2.90420026     -21.05508750     101.02188501       0.96192135 
  5       3.41465927      -1.69408750      63.29586986       0.57352190 
  5       4.07599753      60.26111250      40.66026077       0.57898836 
  3       2.98667235       9.19647500      98.92599528       0.95968591 
  1       1.75000000       1.93610000      54.49313299       1.32386011 
  1       1.75000000      25.16930000      45.27121818       1.30728319 
  1       1.75000000      78.41205000      51.13970942       1.30502964 
  1       1.75000000     111.32575000       8.38355892       1.33624260 
  1       1.75000000     107.45355000      29.34245622       1.30872012 
  1       1.75000000      72.11972500      42.75615050       1.29767814 
  1       1.75000000      38.72200000      58.68491245       1.33624260 
  1       1.75000000      64.61733750     106.89037625       1.29182750 
  1       1.75000000      97.53103750      17.18629579       1.30640379 
  1       1.75000000      66.06941250      19.70136346       1.30866804 
  1       1.75000000      73.81381250      23.05478703       1.29916364 
  1       1.75000000       8.71245000      18.44382962       1.28872038 
  1       1.75000000      34.84980000      68.74518315       1.31170195 
  1       1.75000000      99.46713750       3.77260151       1.31987046 
  1       1.75000000      36.05986250      46.52875202       1.31839902 
  1       1.75000000     -36.54388750     104.37530857       1.31863385 
  1       1.75000000     -19.36100000      65.39175959       1.30850255 
  1       1.75000000     107.93757500      15.92876195       1.30720123 
  1       1.75000000      12.82666250       4.61095741       1.30640379 
  1       1.75000000     107.21153750      22.21643114       1.31547025 
  1       1.75000000      69.69960000       0.83835589       1.31527398 
  1       1.75000000     -26.37936250      64.97258164       1.30944384 
  1       1.75000000       3.38817500      39.40272693       1.31170195 
  1       1.75000000      61.47117500     108.98626598       1.30872010 
  1       1.75000000      75.02387500      65.39175959       1.32022450 
  1       1.75000000      -3.63018750      18.02465168       1.31288815 
  1       1.75000000      71.87771250       4.61095741       1.29693382 
  1       1.75000000      -9.92251250      44.85204023       1.32376532 
  1       1.75000000     -34.84980000      87.18901278       1.30720123 
  1       1.75000000      18.39295000     104.79448652       1.28719482 
  1       1.75000000      75.50790000      55.33148888       1.31305339 
  1       1.75000000     106.48550000      41.91779461       1.33624260 
  1       1.75000000     -18.63496250      52.39724326       1.30255261 
  1       1.75000000      13.79471250      79.22463180       1.29016930 
  1       1.75000000      90.27066250      23.05478703       1.30255261 
  1       1.75000000      53.24275000      14.25205016       1.31746675 
  1       1.75000000     -10.16452500      35.21094747       1.28983251 
  1       1.75000000      -3.38817500      47.78628585       1.28872038 
  1       1.75000000      76.95997500       9.22191481       1.29768156 
  1       1.75000000      13.31068750      11.31780454       1.30517430 
  1       1.75000000      21.78112500      48.62464175       1.32022450 
  1       1.75000000      38.47998750      64.13422575       1.31745467 
  1       1.75000000       7.26037500      85.51230099       1.31746675 
  1       1.75000000      82.52626250      15.50958400       1.30490447 
  1       1.75000000      48.40250000      46.10957407       1.29865535 
  1       1.75000000      87.60852500      36.04930337       1.30954482 
  1       1.75000000      -4.84025000      28.50410033       1.30990876 
  1       1.75000000      34.36577500     103.11777474       1.30954482 
  1       1.75000000      25.89533750      33.95341364       1.29693382 
  1       1.75000000       4.11421250      17.18629579       1.30428718 
  1       1.75000000      12.10062500      82.99723332       1.30990876 
  1       1.75000000      95.59493750       1.25753384       1.29749309 
  1       1.75000000     -22.74917500      92.21914813       1.28719482 
  1       1.75000000      -4.11421250      76.70956413       1.31271016 
  1       1.75000000      45.98237500      25.98903265       1.32302480 
  1       1.75000000      59.53507500     101.44106295       1.31001193 
  1       1.75000000      18.87697500      29.34245622       1.28836717 
  1       1.75000000      71.63570000      92.21914813       1.30829403 
  1       1.75000000      37.26992500      50.30135353       1.30872010 
  1       1.75000000      74.78186250      78.38627591       1.29479982 
  1       1.75000000      11.37458750      60.78080218       1.30650230 
  1       1.75000000     -42.59420000     102.27941884       1.31170195 
  1       1.75000000      15.97282500      32.69587979       1.30720123 
  1       1.75000000      23.95923750      88.44654662       1.30650133 
  1       1.75000000     -52.03268750     108.56708803       1.29938855 
  1       1.75000000      31.21961250      70.00271699       1.29479982 
  1       1.75000000      -4.35622500      58.68491245       1.32021191 
  1       1.75000000      80.83217500      44.43286229       1.30727209 
  1       1.75000000      -6.29232500      38.56437104       1.30502964 
  1       1.75000000       0.24201250      16.34793989       1.32312110 
  1       1.75000000      31.70363750      30.59999006       1.30915777 
  1       1.75000000     -16.94087500      37.72601515       1.33624518 
  1       1.75000000      71.63570000      10.89862660       1.30255576 
  1       1.75000000      22.02313750     102.69859679       1.32045605 
  1       1.75000000     -31.70363750     101.02188501       1.30650133 
  1       1.75000000      56.14690000     104.79448652       1.31913273 
  1       1.75000000      93.90085000      45.27121818       1.29785798 
  1       1.75000000      -3.38817500      72.93696261       1.28872036 
  1       1.75000000      -2.42012500     100.60270706       1.29865535 
  1       1.75000000      38.23797500      75.45203029       1.32281779 
  1       1.75000000       4.84025000      33.53423568       1.33624518 
  1       1.75000000      90.51267500      32.69587979       1.30728319 
  1       1.75000000     -56.63092500     106.47119830       1.28872036 
  1       1.75000000      61.22916250      11.31780454       1.30866804 
  1       1.75000000      51.79067500      50.30135353       1.30872010 
  1       1.75000000      37.26992500     107.30955420       1.29210759 
  1       1.75000000     -16.21483750      28.08492238       1.30866804 
  1       1.75000000       1.45207500     108.98626598       1.28719356 
  1       1.75000000      27.58942500      16.76711784       1.30872012 
  1       1.75000000      50.58061250      95.15339375       1.29479982 
  1       1.75000000      -9.43848750      91.79997018       1.32312110 
  1       1.75000000      49.61256250     108.56708803       1.29938855 
  1       1.75000000      53.24275000      65.39175959       1.30850255 
  1       1.75000000      51.06463750      37.30683720       1.31987046 
  1       1.75000000      10.89056250      69.16436110       1.29878755 
  1       1.75000000      22.26515000     107.30955420       1.30954482 
  1       1.75000000     120.76423750      10.47944865       1.30429739 
  1       1.75000000     -14.52075000      83.83558921       1.33624518 
  1       1.75000000     -15.48880000     102.27941884       1.28872038 
  1       1.75000000     -46.22438750     101.86024090       1.31745467 
