 Pt           R                 X                Y               E
  5       4.20564574      59.05105000     101.44106295       0.56915931 
  5       4.20564574      48.40250000      20.12054141       0.56915931 
  5       4.20564574      29.76753750      25.56985471       0.56915931 
  5       4.20564574       3.14616250      76.70956413       0.56915931 
  5       4.20564574      61.47117500      83.83558921       0.56915931 
  5       4.20564574     -15.73081250      84.25476716       0.56915931 
  5       4.20564574     -33.15571250      90.96161429       0.56915931 
  5       4.20564574      25.16930000      48.62464175       0.56915931 
  5       4.20564574      68.00551250       7.96438097       0.56915931 
  5       4.20564574      50.58061250      32.27670184       0.56915931 
  5       4.20564574      67.76350000      45.27121818       0.56915931 
  5       4.20564574      17.42490000      62.03833602       0.56915931 
  5       4.20564574      60.26111250       3.77260151       0.56915931 
  5       4.20564574     103.58135000      14.25205016       0.56915931 
  5       4.20564574      67.03746250      66.64929342       0.56915931 
  5       4.20564574      40.17407500      94.73421581       0.56915931 
  5       4.20564574      -5.80830000     101.44106295       0.56915931 
  5       4.20564574     -29.04150000      65.39175959       0.56915931 
  5       4.20564574      67.03746250      26.40821060       0.56915931 
  5       4.20564574       8.95446250      60.78080218       0.56915931 
  5       4.20564574      48.64451250      45.69039612       0.56915931 
  5       4.20564574      17.90892500      20.95889730       0.56915931 
  5       4.20564574      82.76827500      59.52326834       0.56915931 
  5       4.20564574      80.10613750      42.33697256       0.56915931 
  5       4.20564574      -0.96805000      15.09040606       0.56915931 
  5       4.20564574      48.64451250      67.48764932       0.56915931 
  5       4.20564574      60.74513750      53.23559915       0.56915931 
  5       4.20564574     -44.04627500      88.02736867       0.56915931 
  5       4.20564574       8.71245000      41.91779461       0.56915931 
  5       4.20564574      47.91847500      79.64380975       0.56915931 
  5       4.20564574      38.72200000      65.39175959       0.56915931 
  5       4.20564574      17.18288750       2.93424562       0.56915931 
  5       4.20564574      54.45281250      74.19449645       0.56915931 
  5       4.20564574     -22.26515000      51.97806531       0.56915931 
  5       4.20564574     -15.00477500      73.77531851       0.56915931 
  5       4.20564574      31.46162500      74.61367440       0.56915931 
  5       4.20564574       2.17811250      95.99174964       0.56915931 
  5       4.20564574       6.77635000      29.34245622       0.56915931 
  5       4.20564574      15.97282500      92.21914813       0.56915931 
  5       4.20564574     -12.82666250      54.07395504       0.56915931 
  5       4.20564574      37.02791250      51.55888737       0.56915931 
  5       4.20564574      29.76753750      94.31503786       0.56915931 
  5       4.20564574      69.94161250      79.22463180       0.56915931 
  5       4.20564574      77.68601250       0.41917795       0.56915931 
  5       4.20564574      -6.05031250      85.93147894       0.56915931 
  5       4.20564574      28.31546250      59.94244629       0.56915931 
  5       4.20564574      92.20676250      18.02465168       0.56915931 
  5       4.20564574     102.85531250       4.61095741       0.56915931 
  5       4.20564574     -21.78112500      96.41092760       0.56915931 
  5       4.20564574      -8.71245000      24.31232087       0.56915931 
  5       4.20564574      61.47117500      14.25205016       0.56915931 
  5       4.20564574      72.36173750      18.86300757       0.56915931 
  5       4.20564574       9.68050000      10.89862660       0.56915931 
  5       4.20564574     -53.00073750      99.34517322       0.56915931 
  5       4.20564574      -3.38817500      57.00820067       0.56915931 
  5       4.20564574      24.20125000      33.53423568       0.56915931 
  5       4.20564574      48.88652500      56.16984477       0.56915931 
  5       4.20564574      35.33382500      33.53423569       0.56915931 
  5       4.20564574      57.35696250      91.79997018       0.56915931 
  5       4.20564574      83.97833750      31.43834595       0.56915931 
  5       4.20564574       8.47043750     102.69859679       0.56915931 
  5       4.20564574      72.84576250      34.79176953       0.56915931 
  5       4.20564574      28.55747500      15.09040606       0.56915931 
  5       4.20564574      -8.71245000      41.07943872       0.56915931 
  5       4.20564574      40.65810000      84.67394510       0.56915931 
  5       4.20564574      93.90085000       7.54520303       0.56915931 
  5       4.20564574      -6.77635000      67.90682726       0.56915931 
  5       4.20564574      15.48880000      50.30135353       0.56915931 
  5       4.20564574     100.67720000      27.66574444       0.56915931 
  5       4.20564574      34.12376250       2.09588973       0.56915931 
  5       4.20564574       0.00000000       5.86849124       0.56915931 
  5       4.20564574      89.06060000      41.91779461       0.56915931 
  5       4.20564574      41.62615000      11.73698249       0.56915931 
  5       4.20564574      50.58061250       8.80273687       0.56915931 
  5       4.20564574      31.94565000      41.91779461       0.56915931 
  5       4.20564574       0.24201250      47.36710791       0.56915931 
  5       4.20564574     -37.75395000      78.80545386       0.56915931 
  5       4.20564574      16.69886250      75.87120824       0.56915931 
  5       4.20564574     -25.65332500      82.99723332       0.56915931 
  5       4.20564574      57.35696250      62.45751396       0.56915931 
  5       4.20564574      87.85053750      52.39724326       0.56915931 
  5       4.20564574      73.32978750      59.10409040       0.56915931 
  5       4.20564574      28.07345000     104.79448652       0.56915931 
  5       4.20564574      47.43445000      99.76435117       0.56915931 
  5       4.20564574     -17.42490000      41.91779461       0.56915931 
  5       4.20564574      58.08300000      25.98903265       0.56915931 
  5       4.20564574      75.02387500      71.26025083       0.56915931 
  5       4.20564574      83.73632500      19.28218552       0.56915931 
  5       4.20564574      25.89533750      84.25476716       0.56915931 
  5       4.20564574      83.25230000       8.38355892       0.56915931 
  5       4.20564574      19.84502500      12.57533838       0.56915931 
  5       4.20564574     -14.76276250     103.53695268       0.56915931 
  5       4.20564574     -37.51193750      68.32600521       0.56915931 
  5       4.20564574      59.05105000      40.24108283       0.56915931 
  5       4.20564574     -19.36100000      62.87669191       0.56915931 
  5       4.20564574      25.65332500       0.00000000       0.56915931 
  5       4.20564574       6.05031250      20.53971935       0.56915931 
  5       4.20564574       1.93610000      67.06847137       0.56915931 
  5       4.20564574      -0.72603750      35.63012542       0.56915931 
  5       4.20564574      67.27947500      90.54243635       0.56915931 
