 Pt           R                 X                Y               E
  7       4.27667410     -11.13257500      65.39175959       0.16949534 
  7       4.27667410      91.72273750      38.14519310       0.16949534 
  7       4.27667410     -39.44803750     104.37530857       0.16949534 
  7       4.27667410      -6.77635000      26.82738854       0.16949534 
  7       4.27667410     -22.50716250     121.98078231       0.16949534 
  7       4.27667410      24.20125000      83.83558921       0.16949534 
  7       4.27667410     -59.77708750     135.39447658       0.16949534 
  7       4.27667410      49.37055000      63.71504780       0.16949534 
  7       4.27667410      25.65332500      41.07943872       0.16949534 
  7       4.27667410      18.63496250     110.24379982       0.16949534 
  7       4.27667410      -8.95446250     115.27393517       0.16949534 
  7       4.27667410     108.90562500      12.57533838       0.16949534 
  7       4.27667410       3.14616250      50.72053148       0.16949534 
  7       4.27667410      76.23393750      70.00271699       0.16949534 
  7       4.27667410     117.37606250       6.28766919       0.16949534 
  7       4.27667410     -24.68527500      97.24928349       0.16949534 
  7       4.27667410       3.38817500     103.11777474       0.16949534 
  7       4.27667410       3.14616250     140.42461193       0.16949534 
  7       4.27667410      38.47998750       2.09588973       0.16949534 
  7       4.27667410      19.11898750      57.42737861       0.16949534 
  7       4.27667410     118.58612500      37.72601515       0.16949534 
  7       4.27667410      11.61660000      97.24928349       0.16949534 
  7       4.27667410     102.12927500       4.19177946       0.16949534 
  7       4.27667410      91.48072500      26.82738854       0.16949534 
  7       4.27667410      73.81381250      23.05478703       0.16949534 
  7       4.27667410      40.41608750      70.00271699       0.16949534 
  7       4.27667410      82.52626250      15.50958400       0.16949534 
  7       4.27667410      46.46640000      92.21914813       0.16949534 
  7       4.27667410      43.56225000      10.89862660       0.16949534 
  7       4.27667410     111.56776250      83.41641126       0.16949534 
  7       4.27667410       6.53433750      28.92327827       0.16949534 
  7       4.27667410      59.53507500      77.12874207       0.16949534 
  7       4.27667410      79.62211250     121.98078231       0.16949534 
  7       4.27667410      25.41131250     137.90954425       0.16949534 
  7       4.27667410      79.62211250     102.69859679       0.16949534 
  7       4.27667410      54.93683750      97.66846144       0.16949534 
  7       4.27667410     115.68197500      20.12054141       0.16949534 
  7       4.27667410     -16.94087500      88.02736867       0.16949534 
  7       4.27667410      54.93683750      38.98354899       0.16949534 
  7       4.27667410     -61.71318750     120.30407052       0.16949534 
  7       4.27667410     -14.03672500     132.46023096       0.16949534 
  7       4.27667410     -22.26515000      59.52326834       0.16949534 
  7       4.27667410     107.21153750      99.34517322       0.16949534 
  7       4.27667410      90.51267500      51.13970942       0.16949534 
  7       4.27667410     122.45832500      66.23011548       0.16949534 
  7       4.27667410     -73.57180000     135.81365452       0.16949534 
  7       4.27667410     -14.76276250      52.39724326       0.16949534 
  7       4.27667410     -17.18288750      30.59999006       0.16949534 
  7       4.27667410      30.00955000      25.98903265       0.16949534 
  7       4.27667410      30.49357500     124.91502793       0.16949534 
  7       4.27667410      52.75872500     134.97529863       0.16949534 
  7       4.27667410      49.37055000      21.79725319       0.16949534 
  7       4.27667410      92.93280000      73.77531851       0.16949534 
  7       4.27667410      -5.56628750      44.01368434       0.16949534 
  7       4.27667410     138.67316250      21.37807525       0.16949534 
  7       4.27667410      59.53507500      14.25205016       0.16949534 
  7       4.27667410     103.82336250      35.63012542       0.16949534 
  7       4.27667410      38.47998750      59.10409040       0.16949534 
  7       4.27667410      70.66765000      34.37259158       0.16949534 
  7       4.27667410      21.53911250       7.96438097       0.16949534 
  7       4.27667410      96.32097500     109.82462187       0.16949534 
  7       4.27667410       4.35622500     122.39996025       0.16949534 
  7       4.27667410      50.58061250      81.73969948       0.16949534 
  7       4.27667410     125.60448750      24.73149881       0.16949534 
  7       4.27667410     -28.79948750     110.24379982       0.16949534 
  7       4.27667410      69.94161250     137.90954425       0.16949534 
  7       4.27667410     126.08851250      48.20546380       0.16949534 
  7       4.27667410     -38.23797500      78.80545386       0.16949534 
  7       4.27667410     -35.33382500     125.75338382       0.16949534 
  7       4.27667410      67.52148750      85.93147894       0.16949534 
  7       4.27667410     -23.47521250     136.23283247       0.16949534 
  7       4.27667410       1.45207500      71.26025083       0.16949534 
  7       4.27667410      89.54462500      86.35065689       0.16949534 
  7       4.27667410     114.71392500      54.49313299       0.16949534 
  7       4.27667410      26.13735000      68.74518315       0.16949534 
  7       4.27667410     -31.21961250      64.13422575       0.16949534 
  7       4.27667410     128.02461250       2.09588973       0.16949534 
  7       4.27667410      38.23797500      38.56437104       0.16949534 
  7       4.27667410      45.74036250     126.17256177       0.16949534 
  7       4.27667410      96.32097500      95.57257170       0.16949534 
  7       4.27667410      97.28902500      58.68491245       0.16949534 
  7       4.27667410      69.45758750     124.49584998       0.16949534 
  7       4.27667410      17.90892500      31.85752390       0.16949534 
  7       4.27667410       0.00000000      83.83558921       0.16949534 
  7       4.27667410       8.22842500     112.33968955       0.16949534 
  7       4.27667410     -46.22438750     112.75886749       0.16949534 
  7       4.27667410     132.13882500      40.24108283       0.16949534 
  7       4.27667410       7.50238750       9.64109276       0.16949534 
  7       4.27667410      64.61733750      62.45751396       0.16949534 
  7       4.27667410      72.60375000      50.30135353       0.16949534 
  7       4.27667410      32.91370000      77.12874207       0.16949534 
  7       4.27667410      63.89130000     115.69311312       0.16949534 
  7       4.27667410     103.09732500      20.95889730       0.16949534 
  7       4.27667410      15.97282500     128.26845150       0.16949534 
  7       4.27667410      29.52552500      51.97806531       0.16949534 
  7       4.27667410      51.06463750      51.55888737       0.16949534 
  7       4.27667410      36.05986250      92.63832608       0.16949534 
  7       4.27667410       7.50238750      40.66026077       0.16949534 
  7       4.27667410     -57.11495000     110.66297776       0.16949534 
  7       4.27667410      72.36173750       0.41917795       0.16949534 
