 Pt           R                 X                Y               E
  5       4.20609141      26.13735000      43.59450639       0.56916098 
  5       4.20609141      79.38010000      25.15067676       0.56916098 
  5       3.36972158       6.53433750      15.50958400       0.57035311 
  5       4.20609141      12.10062500      30.18081211       0.56916098 
  5       3.32086807       4.84025000       0.83835589       0.57278937 
  5       4.20609141      41.62615000      62.03833602       0.56916098 
  5       3.36972158      75.26588750      70.84107288       0.57035311 
  5       3.36972158       9.92251250      49.88217558       0.57035311 
  5       4.20831736      28.79948750      87.60819072       0.57117317 
  5       4.20564574     -43.56225000     101.44106295       0.56915931 
  5       3.36972158      53.48476250      97.66846144       0.57035311 
  5       4.20564574      80.34815000      50.30135353       0.56915931 
  5       4.20609141      50.33860000      32.69587979       0.56916098 
  5       4.20609141      89.54462500      48.62464175       0.56916098 
  5       3.37496538      63.40727500      71.26025083       0.57185810 
  5       4.20609141      56.63092500       5.86849124       0.56916098 
  5       3.32086807      63.89130000      15.09040606       0.57278937 
  5       3.36972158      12.58465000      97.24928349       0.57035311 
  5       4.20831736       2.42012500      88.86572456       0.57117317 
  5       4.20564574      84.94638750      39.82190488       0.56915931 
  5       4.20609141      30.25156250      22.21643114       0.56916098 
  5       4.20564574      37.26992500      50.30135353       0.56915931 
  5       4.20831736      53.00073750      74.19449645       0.57117317 
  5       4.20564574     -18.87697500      81.32052153       0.56915931 
  5       4.20609141      27.34741250      33.95341364       0.56916098 
  5       3.36972158      75.99192500      13.41369427       0.57035311 
  5       3.36972158      93.65883750      36.46848131       0.57035311 
  5       4.20831736     -33.39772500      91.38079224       0.57117317 
  5       4.20564574      51.79067500      15.09040606       0.56915931 
  5       4.20831736      37.02791250      83.41641126       0.57117317 
  5       4.21767649      61.95520000     102.27941884       0.57449383 
  5       4.20831736      67.03746250      89.28490251       0.57117317 
  5       4.20831736      54.21080000      83.83558921       0.57117317 
  5       4.20831736     107.21153750      13.83287222       0.57117317 
  5       3.41465927      14.27873750      58.26573450       0.57352190 
  5       3.37496538      88.33456250      19.70136346       0.57185810 
  5       3.37496538      22.50716250       8.80273687       0.57185810 
  5       3.32086807      72.36173750       3.77260151       0.57278937 
  5       4.20609141      29.04150000      77.12874207       0.56916098 
  5       4.13517505     -21.29710000      98.92599528       0.57923960 
  5       4.20564574      57.84098750      53.23559915       0.56915931 
  5       3.32086807     -44.04627500      88.02736867       0.57278937 
  5       4.20564574      59.29306250      31.43834595       0.56915931 
  5       4.20831736      72.60375000      41.91779461       0.57117317 
  5       4.20609141      23.71722500      57.84655656       0.56916098 
  5       3.36972158      -7.74440000      66.23011548       0.57035311 
  5       4.20564574     -23.23320000      62.87669191       0.56915931 
  5       4.20564574      98.25707500      29.34245622       0.56915931 
  5       4.21767649      17.66691250      87.60819072       0.57449383 
  5       4.13517505      32.67168750       2.93424562       0.57923960 
  5       4.20609141      81.55821250       1.25753384       0.56916098 
  5       4.20609141      17.42490000      67.06847137       0.56916098 
  5       3.36972158      61.95520000      41.07943872       0.57035311 
  5       3.36972158     -15.48880000      58.68491245       0.57035311 
  5       4.20564574      -3.87220000      76.29038618       0.56915931 
  5       3.36972158      11.13257500      39.40272693       0.57035311 
  5       4.20564574      -9.92251250      48.20546380       0.56915931 
  5       3.55393743      35.57583750      40.66026077       0.57599677 
  5       4.20564574     -14.52075000      92.21914813       0.56915931 
  5       4.20609141      68.48953750      57.42737861       0.56916098 
  5       4.20564574     -11.37458750      28.08492238       0.56915931 
  5       4.20609141      -0.00000000      31.85752390       0.56916098 
  5       4.20609141       7.26037500      73.77531851       0.56916098 
  5       3.41465927      76.95997500      34.37259158       0.57352190 
  5       4.20564574      50.58061250      59.94244629       0.56915931 
  5       4.20831736      43.07822500     104.79448652       0.57117317 
  5       4.20564574      35.33382500      71.26025083       0.56915931 
  5       4.20831736      43.80426250       2.93424562       0.57117317 
  5       4.20564574     -33.88175000      72.93696261       0.56915931 
  5       4.20564574      44.53030000      40.24108283       0.56915931 
  5       4.20609141      45.98237500      92.21914813       0.56916098 
  5       4.20609141      19.84502500      25.98903265       0.56916098 
  5       4.20609141      53.72677500      45.27121818       0.56916098 
  5       3.32086807      84.70437500      59.52326834       0.57278937 
  5       3.36972158     112.05178750       1.25753384       0.57035311 
  5       4.20564574      40.90011250      27.24656649       0.56915931 
  5       4.20831736      35.81785000      96.41092759       0.57117317 
  5       4.20609141      65.82740000      25.98903265       0.56916098 
  5       4.20831736     -19.60301250      50.72053148       0.57117317 
  5       4.20564574      90.27066250       2.09588973       0.56915931 
  5       4.13517505       4.59823750     101.02188501       0.57923960 
  5       3.32086807      84.70437500      10.06027070       0.57278937 
  5       3.37496538      -5.08226250      17.18629579       0.57185810 
  5       4.20564574       1.45207500      51.13970942       0.56915931 
  5       3.36972158      74.05582500      79.64380975       0.57035311 
  5       3.37496538      22.99118750      95.15339375       0.57185810 
  5       4.20564574      44.28828750      78.38627591       0.56915931 
  5       4.20564574     -15.73081250      72.51778467       0.56915931 
  5       4.20564574      45.49835000      69.58353905       0.56915931 
  5       4.20564574     -25.89533750      86.76983483       0.56915931 
  5       3.37496538     -18.39295000      36.88765926       0.57185810 
  5       3.36972158      34.36577500      13.41369427       0.57035311 
  5       4.20609141      11.85861250       8.80273687       0.56916098 
  5       4.19531181      -2.42012500      43.59450639       0.57901575 
  5       4.20609141      43.07822500      15.92876195       0.56916098 
  5       3.36972158     -37.51193750      82.57805537       0.57035311 
  5       3.32086807     -32.91370000     100.60270706       0.57278937 
  5       4.20609141      97.28902500       7.54520303       0.56916098 
  5       4.20564574     -25.89533750      75.87120824       0.56915931 
  5       4.20564574      -9.92251250     100.18352911       0.56915931 
