 Pt           R                 X                Y               E
  2       2.79100264      51.54866250      94.31503786       1.12859649 
  2       2.79100264     -22.74917500      86.35065689       1.12859649 
  2       2.79100264      -7.74440000      92.21914813       1.12859649 
  2       2.79100264      26.86338750       1.25753384       1.12859649 
  2       2.79100264       8.22842500      58.68491245       1.12859649 
  2       2.79100264      22.50716250      50.72053148       1.12859649 
  2       2.79100264      44.53030000      82.99723332       1.12859649 
  2       2.79100264      74.29783750      61.61915807       1.12859649 
  2       2.79100264      30.25156250      95.15339375       1.12859649 
  2       2.79100264     -20.32905000      63.71504780       1.12859649 
  2       2.79100264      -5.08226250      55.75066683       1.12859649 
  2       2.79100264      45.49835000      38.56437104       1.12859649 
  2       2.79100264       9.19647500      16.76711784       1.12859649 
  2       2.79100264      29.76753750      14.67122811       1.12859649 
  2       2.79100264     -15.00477500      33.53423568       1.12859649 
  2       2.79100264      22.26515000      17.60547373       1.12859649 
  2       2.79100264      -4.11421250      80.90134359       1.12859649 
  2       2.79100264      29.04150000      57.84655656       1.12859649 
  2       2.79100264      15.73081250      59.94244629       1.12859649 
  2       2.79100264      55.90488750     102.69859679       1.12859649 
  2       2.79100264     100.91921250      26.40821060       1.12859649 
  2       2.79100264      14.76276250      69.16436110       1.12859649 
  2       2.79100264      14.52075000      20.95889730       1.12859649 
  2       2.79100264      65.58538750      64.97258164       1.12859649 
  2       2.79100264      51.54866250      31.43834595       1.12859649 
  2       2.79100264     -17.66691250     103.53695268       1.12859649 
  2       2.79100264      35.57583750       8.80273687       1.12859649 
  2       2.79100264      87.85053750       2.93424562       1.12859649 
  2       2.79100264      79.62211250      66.64929342       1.12859649 
  2       2.79100264      33.63973750      88.44654662       1.12859649 
  2       2.79100264      60.50312500      91.38079224       1.12859649 
  2       2.79100264      38.23797500      78.80545386       1.12859649 
  2       2.79100264      65.34337500      88.02736867       1.12859649 
  2       2.79100264      37.75395000      56.16984477       1.12859649 
  2       2.79100264      60.50312500       5.03013535       1.12859649 
  2       2.79100264      49.37055000      87.18901278       1.12859649 
  2       2.79100264      43.80426250      14.67122811       1.12859649 
  2       2.79100264     -19.36100000      92.21914813       1.12859649 
  2       2.79100264      68.24752500      28.50410033       1.12859649 
  2       2.79100264      87.85053750      23.89314292       1.12859649 
  2       2.79100264      94.62688750       4.61095741       1.12859649 
  2       2.79100264      22.99118750      64.13422575       1.12859649 
  2       2.79100264      62.92325000      76.29038618       1.12859649 
  2       2.79100264      32.42967500      31.85752390       1.12859649 
  2       2.79100264      72.84576250      55.75066683       1.12859649 
  2       2.79100264       3.14616250      74.19449645       1.12859649 
  2       2.79100264     -50.09658750      90.96161429       1.12859649 
  2       2.79100264      86.15645000      35.21094747       1.12859649 
  2       2.79100264      41.62615000     101.44106295       1.12859649 
  2       2.79100264      79.62211250      54.91231094       1.12859649 
  2       2.79100264      43.32023750      50.72053148       1.12859649 
  2       2.79100264      66.06941250      54.07395504       1.12859649 
  2       2.79100264     -31.46162500      65.39175959       1.12859649 
  2       2.79100264      73.57180000      75.45203029       1.12859649 
  2       2.79100264      45.49835000      72.09860672       1.12859649 
  2       2.79100264      77.68601250      23.05478703       1.12859649 
  2       2.79100264      17.18288750      99.34517322       1.12859649 
  2       2.79100264      69.21557500      46.10957407       1.12859649 
  2       2.79100264     -25.16930000      67.06847137       1.12859649 
  2       2.79100264     -14.52075000      27.66574444       1.12859649 
  2       2.79100264     -26.86338750      98.50681733       1.12859649 
  2       2.79100264       8.22842500      41.91779461       1.12859649 
  2       2.79100264      30.73558750      83.41641126       1.12859649 
  2       2.79100264      22.74917500      40.24108283       1.12859649 
  2       2.79100264      23.47521250      75.03285234       1.12859649 
  2       2.79100264      59.77708750      38.14519310       1.12859649 
  2       2.79100264      97.53103750      38.14519310       1.12859649 
  2       2.79100264     -16.21483750      71.67942878       1.12859649 
  2       2.79100264      15.00477500       8.38355892       1.12859649 
  2       2.79100264       5.32427500      88.02736867       1.12859649 
  2       2.79100264      32.18766250      70.84107288       1.12859649 
  2       2.79100264      55.66287500      80.48216564       1.12859649 
  2       2.79100264      89.78663750      13.83287222       1.12859649 
  2       2.79100264      11.13257500       0.00000000       1.12859649 
  2       2.79100264       6.53433750      68.32600521       1.12859649 
  2       2.79100264      30.73558750      37.30683720       1.12859649 
  2       2.79100264      19.36100000     104.79448652       1.12859649 
  2       2.79100264     -13.55270000      98.92599528       1.12859649 
  2       2.79100264     -55.17885000     103.95613063       1.12859649 
  2       2.79100264       1.93610000      12.57533838       1.12859649 
  2       2.79100264      72.60375000      82.15887743       1.12859649 
  2       2.79100264      59.77708750      55.75066683       1.12859649 
  2       2.79100264     107.45355000       6.70684714       1.12859649 
  2       2.79100264     -41.62615000      97.24928349       1.12859649 
  2       2.79100264     -11.13257500      45.27121818       1.12859649 
  2       2.79100264      53.00073750      68.32600521       1.12859649 
  2       2.79100264      25.65332500      69.58353905       1.12859649 
  2       2.79100264       0.48402500      93.05750402       1.12859649 
  2       2.79100264      38.47998750      21.37807525       1.12859649 
  2       2.79100264       4.35622500      54.49313299       1.12859649 
  2       2.79100264      -0.24201250      39.82190488       1.12859649 
  2       2.79100264      57.11495000      28.50410033       1.12859649 
  2       2.79100264      67.52148750      15.50958400       1.12859649 
  2       2.79100264      -3.38817500      64.55340369       1.12859649 
  2       2.79100264      35.81785000      47.78628585       1.12859649 
  2       2.79100264      14.76276250      32.27670184       1.12859649 
  2       2.79100264      12.34263750      51.55888737       1.12859649 
  2       2.79100264      55.42086250       9.64109276       1.12859649 
  2       2.79100264      14.03672500      86.35065689       1.12859649 
  2       2.79100264      21.78112500      25.98903265       1.12859649 
