 Pt           R                 X                Y               E
  4       3.40871735      39.44803750      84.25476716       0.76719351 
  4       3.80705530      25.41131250      32.27670184       0.76884763 
  4       3.80705530     -23.71722500      78.80545386       0.76884763 
  4       3.80781109       5.08226250     100.18352911       0.76884965 
  4       3.40532512      77.68601250       9.64109276       0.76744319 
  4       3.80705530      57.84098750       7.12602508       0.76884763 
  4       3.40532512      -9.68050000      22.63560908       0.76744319 
  4       3.40871735      52.51671250      13.83287222       0.76719351 
  4       3.80781109     -24.92728750      50.72053148       0.76884965 
  4       3.40600913      43.07822500      60.36162423       0.76744154 
  4       3.40871735      19.36100000      96.41092760       0.76719351 
  4       3.40871735      -9.92251250      53.23559915       0.76719351 
  4       3.40532512      35.33382500      47.78628585       0.76744319 
  4       3.40575678      14.76276250      30.59999006       0.76744277 
  4       3.80705530      12.10062500      15.92876195       0.76884763 
  4       3.40532512      83.97833750      26.40821060       0.76744319 
  4       3.40532512     -15.00477500      67.06847137       0.76744319 
  4       3.80705530      44.04627500      42.75615050       0.76884763 
  4       3.40575678      50.09658750     101.86024090       0.76744277 
  4       3.80781109      66.31142500      29.34245622       0.76884965 
  4       3.80781109      54.45281250      41.49861666       0.76884965 
  4       3.80705530      40.41608750      99.34517322       0.76884763 
  4       3.80705530      30.97760000      55.33148888       0.76884763 
  4       3.80781109      11.37458750      45.69039612       0.76884965 
  4       3.80705530     -13.31068750      90.12325840       0.76884763 
  4       3.40600913      86.15645000      42.75615050       0.76744154 
  4       3.40871735      -5.32427500     101.44106295       0.76719351 
  4       3.80705530      61.47117500      93.05750402       0.76884763 
  4       3.80781109     -45.25633750      95.99174964       0.76884965 
  4       3.40871735      54.21080000      82.99723332       0.76719351 
  4       3.40575678     -27.58942500      58.68491245       0.76744277 
  4       3.80705530      -4.59823750      28.92327827       0.76884763 
  4       3.80705530      96.80500000       5.03013535       0.76884763 
  4       3.40871735     115.92398750       2.93424562       0.76719351 
  4       3.40575678      42.83621250      23.05478703       0.76744277 
  4       3.40532512      46.70841250      32.27670184       0.76744319 
  4       3.80705530      73.32978750      74.19449645       0.76884763 
  4       3.40871735       4.35622500      36.88765926       0.76719351 
  4       3.40871735      94.86890000      39.40272693       0.76719351 
  4       3.80781109      92.20676250      30.59999006       0.76884965 
  4       3.40600913      36.30187500      29.34245622       0.76744154 
  4       3.40575678       3.87220000       8.38355892       0.76744277 
  4       3.80781109      51.79067500      92.21914813       0.76884965 
  4       3.80781109     -53.72677500     102.27941884       0.76884965 
  4       3.40575678       0.48402500      73.77531851       0.76744277 
  4       3.80705530      56.87293750      24.73149881       0.76884763 
  4       3.40575678      -0.24201250      90.12325840       0.76744277 
  4       3.40532512      37.51193750      11.31780454       0.76744319 
  4       3.40575678      59.05105000      67.06847137       0.76744277 
  4       3.80705530     -29.04150000      69.58353905       0.76884763 
  4       3.40600913      24.20125000       8.38355892       0.76744154 
  4       3.40871735      78.41205000      42.75615050       0.76719351 
  4       3.40871735       2.90415000      16.76711784       0.76719351 
  4       3.40575678     -39.20602500      81.32052153       0.76744277 
  4       3.40871735      85.43041250      16.34793989       0.76719351 
  4       3.40871735     -19.11898750      58.26573450       0.76719351 
  4       3.40600913      82.28425000       0.00000000       0.76744154 
  4       3.40575678       7.01836250      28.92327827       0.76744277 
  4       3.40871735      -1.21006250      49.88217558       0.76719351 
  4       3.40600913      22.99118750      59.94244629       0.76744154 
  4       3.40532512       3.87220000      59.52326834       0.76744319 
  4       3.80705530      27.10540000      40.24108283       0.76884763 
  4       3.80705530      69.45758750       9.64109276       0.76884763 
  4       3.40600913      23.71722500      83.83558921       0.76744154 
  4       3.40575678      11.61660000      78.80545386       0.76744277 
  4       3.40575678     108.17958750      12.99451633       0.76744277 
  4       3.40600913      81.55821250      53.23559915       0.76744154 
  4       3.80781109     -17.18288750      96.83010555       0.76884965 
  4       3.80705530      28.07345000      67.90682726       0.76884763 
  4       3.80705530      66.55343750      44.01368434       0.76884763 
  4       3.80705530      20.32905000      15.09040606       0.76884763 
  4       3.40600913     -31.94565000      96.41092760       0.76744154 
  4       3.40600913      65.82740000      71.26025083       0.76744154 
  4       3.40532512     -38.47998750      89.28490251       0.76744319 
  4       3.40871735      83.97833750      61.61915807       0.76719351 
  4       3.40532512      50.33860000      49.46299764       0.76744319 
  4       3.80781109      89.54462500       7.54520303       0.76884965 
  4       3.40600913      97.28902500      18.44382962       0.76744154 
  4       3.80781109      49.12853750       2.09588973       0.76884965 
  4       3.40575678     -15.97282500      38.56437104       0.76744277 
  4       3.40871735      52.27470000      61.19998013       0.76719351 
  4       3.40532512      46.46640000      79.64380975       0.76744319 
  4       3.80781109     -22.99118750     104.37530857       0.76884965 
  4       3.40575678      61.95520000      51.97806531       0.76744277 
  4       3.40532512      -5.56628750      65.81093753       0.76744319 
  4       3.40532512     -36.30187500      72.09860672       0.76744319 
  4       3.80781109      74.53985000      64.55340369       0.76884965 
  4       3.40532512      54.69482500      74.61367440       0.76744319 
  4       3.40532512     -10.89056250      44.85204023       0.76744319 
  4       3.40532512      71.15167500      17.60547373       0.76744319 
  4       3.40532512      13.55270000      90.54243635       0.76744319 
  4       3.40575678     105.03342500       5.86849124       0.76744277 
  4       3.40600913      31.21961250      21.37807525       0.76744154 
  4       3.80781109      10.40653750      66.64929342       0.76884965 
  4       3.40575678      17.18288750      23.05478703       0.76744277 
  4       3.80781109      65.58538750      85.09312305       0.76884965 
  4       3.40871735      17.42490000      72.93696261       0.76719351 
  4       3.40532512      30.49357500      88.86572456       0.76744319 
  4       3.40600913      33.39772500      73.77531851       0.76744154 
  4       3.80781109     102.12927500      27.66574444       0.76884965 
