 Pt           R                 X                Y               E
  4       3.40600913      -3.63018750      53.23559915       0.76744154 
  4       3.40871735      78.41205000      11.73698249       0.76719351 
  4       3.80781109      45.49835000      43.59450639       0.76884965 
  4       3.40575678     -30.00955000     102.27941884       0.76744277 
  4       3.40871735      46.70841250      90.96161429       0.76719351 
  4       3.40871735      53.96878750      29.76163417       0.76719351 
  4       3.40532512      68.24752500      58.68491245       0.76744319 
  4       3.40871735      22.26515000      75.45203029       0.76719351 
  4       3.40871735      38.47998750      66.64929342       0.76719351 
  4       3.80705530      48.40250000      80.48216564       0.76884763 
  4       3.40600913      60.50312500      12.57533838       0.76744154 
  4       3.40600913     -11.37458750      30.59999006       0.76744154 
  4       3.40575678      21.29710000      51.97806531       0.76744277 
  4       3.80705530      62.92325000      80.48216564       0.76884763 
  4       3.80705530      41.62615000      98.08763938       0.76884763 
  4       3.80705530      38.96401250      82.57805537       0.76884763 
  4       3.40600913     111.56776250       7.12602508       0.76744154 
  4       3.40575678      91.23871250      12.15616043       0.76744277 
  4       3.40600913      86.39846250      41.49861666       0.76744154 
  4       3.80705530      -2.90415000      19.28218552       0.76884763 
  4       3.80705530       4.35622500      59.52326834       0.76884763 
  4       3.40575678      52.51671250     104.37530857       0.76744277 
  4       3.40600913      -9.43848750      87.60819072       0.76744154 
  4       3.40532512     -38.96401250      83.41641126       0.76744319 
  4       3.80781109      40.17407500       1.67671178       0.76884965 
  4       3.40871735      -4.84025000      62.87669191       0.76719351 
  4       3.80781109      75.02387500      67.06847137       0.76884965 
  4       3.40532512      28.31546250      55.75066683       0.76744319 
  4       3.40871735      31.46162500      10.89862660       0.76719351 
  4       3.80705530      11.37458750      77.54792002       0.76884763 
  4       3.40871735      15.73081250      90.96161429       0.76719351 
  4       3.40871735      45.98237500      25.98903265       0.76719351 
  4       3.40600913     -18.39295000      82.15887743       0.76744154 
  4       3.40575678     -12.58465000      46.94792996       0.76744277 
  4       3.80781109      19.11898750      11.31780454       0.76884965 
  4       3.80781109      88.33456250      53.23559915       0.76884965 
  4       3.40575678      -1.21006250      74.19449645       0.76744277 
  4       3.40871735     -18.63496250      67.48764932       0.76719351 
  4       3.80705530     -25.41131250      74.19449645       0.76884763 
  4       3.80705530      -3.63018750      33.95341364       0.76884763 
  4       3.80781109     -20.81307500      36.88765926       0.76884965 
  4       3.80781109      58.80903750      49.88217558       0.76884965 
  4       3.40600913      71.39368750      24.73149881       0.76744154 
  4       3.40532512     -30.49357500      92.21914813       0.76744319 
  4       3.40575678      -3.63018750      93.47668197       0.76744277 
  4       3.40532512       4.59823750      12.15616043       0.76744319 
  4       3.40575678      62.43922500      96.41092760       0.76744277 
  4       3.40575678      20.32905000      26.82738854       0.76744277 
  4       3.40600913       8.47043750      48.20546380       0.76744154 
  4       3.40532512      27.83143750     102.69859679       0.76744319 
  4       3.80705530      60.26111250      40.66026077       0.76884763 
  4       3.40600913      82.28425000      62.87669191       0.76744154 
  4       3.40532512      19.36100000      62.03833602       0.76744319 
  4       3.80781109      42.11017500      51.97806531       0.76884965 
  4       3.80781109      41.38413750      12.99451633       0.76884965 
  4       3.80705530      27.10540000      32.69587979       0.76884763 
  4       3.40600913      97.04701250      27.24656649       0.76744154 
  4       3.40600913     -35.57583750      73.35614056       0.76744154 
  4       3.80781109      54.93683750      75.03285234       0.76884965 
  4       3.80781109     -25.89533750      64.13422575       0.76884965 
  4       3.80781109      60.50312500      88.02736867       0.76884965 
  4       3.40575678      45.74036250      62.45751396       0.76744277 
  4       3.40871735      23.95923750      89.28490251       0.76719351 
  4       3.40532512      71.15167500      36.04930337       0.76744319 
  4       3.40575678      85.67242500      25.98903265       0.76744277 
  4       3.40532512      80.34815000      47.78628585       0.76744319 
  4       3.40871735      62.43922500      67.90682726       0.76719351 
  4       3.40600913      79.86412500       0.00000000       0.76744154 
  4       3.40600913      -0.24201250       0.41917795       0.76744154 
  4       3.80705530      64.85935000      31.01916800       0.76884763 
  4       3.40532512      79.86412500      31.01916800       0.76744319 
  4       3.40600913      56.63092500       1.67671178       0.76744154 
  4       3.40871735     -49.85457500      92.21914813       0.76719351 
  4       3.80705530     -45.25633750     101.02188501       0.76884763 
  4       3.40575678      36.30187500      20.95889730       0.76744277 
  4       3.40532512     101.16122500      16.76711784       0.76744319 
  4       3.40575678      34.12376250      41.49861666       0.76744277 
  4       3.40575678     -13.55270000      58.68491245       0.76744277 
  4       3.40871735      57.59897500      58.68491245       0.76719351 
  4       3.40575678      10.40653750     101.86024090       0.76744277 
  4       3.40532512      11.37458750       7.12602508       0.76744319 
  4       3.40532512      31.46162500      74.61367440       0.76744319 
  4       3.40871735     102.12927500       5.03013535       0.76719351 
  4       3.40871735      24.92728750      42.33697256       0.76719351 
  4       3.40575678      48.64451250       2.09588973       0.76744277 
  4       3.40871735     -27.83143750      83.41641126       0.76719351 
  4       3.40575678     -20.32905000      95.57257170       0.76744277 
  4       3.80781109     -11.85861250      74.19449645       0.76884965 
  4       3.40532512     -24.92728750      47.36710791       0.76744319 
  4       3.40871735     -38.72200000      95.57257170       0.76719351 
  4       3.40600913      12.58465000      40.24108283       0.76744154 
  4       3.80705530      11.37458750      18.86300757       0.76884763 
  4       3.40575678      52.75872500      12.57533838       0.76744277 
  4       3.40600913      26.86338750      67.48764932       0.76744154 
  4       3.40600913      73.57180000      74.61367440       0.76744154 
  4       3.40575678      46.95042500      70.42189494       0.76744277 
  4       3.40871735      18.63496250      82.57805537       0.76719351 
  4       3.40532512     109.87367500      17.60547373       0.76744319 
  4       3.40600913      28.31546250      19.70136346       0.76744154 
  4       3.40575678      10.16452500      67.06847137       0.76744277 
