 Pt           R                 X                Y               E
  6       4.17721450     -37.02791250      98.50681733       0.38930451 
  6       4.28919697       0.48402500      46.10957407       0.37688221 
  6       4.28919697      67.76350000      71.26025083       0.37688221 
  6       4.28919697     -43.56225000      92.21914813       0.37688221 
  6       4.14839347      31.21961250      49.04381969       0.38046857 
  6       4.14839347      12.34263750     101.86024090       0.38046857 
  6       4.28919697      -9.92251250      36.46848131       0.37688221 
  6       4.28919697     -31.70363750      80.06298770       0.37688221 
  6       4.18055781     107.69556250       4.61095741       0.38931809 
  6       4.28919697      57.59897500      87.18901278       0.37688221 
  6       4.28919697       6.29232500      79.64380975       0.37688221 
  6       4.14839347      53.72677500      32.69587979       0.38046857 
  6       4.28919697      33.63973750      78.38627591       0.37688221 
  6       4.18055781      -2.17811250      74.19449645       0.38931809 
  6       4.28919697      57.35696250      48.20546380       0.37688221 
  6       4.14839347      93.90085000      29.34245622       0.38046857 
  6       4.17721450      93.90085000       8.38355892       0.38930451 
  6       4.14839347       5.80830000      95.57257170       0.38046857 
  6       4.28919697      49.37055000      10.89862660       0.37688221 
  6       4.18055781      22.26515000       6.70684714       0.38931809 
  6       4.18055781       4.35622500      33.53423568       0.38931809 
  6       4.18055781      26.62137500      83.83558921       0.38931809 
  6       4.18055781       4.11421250      14.67122811       0.38931809 
  6       4.17721450     -15.24678750      70.84107288       0.38930451 
  6       4.17721450      30.97760000       9.22191481       0.38930451 
  6       4.28919697      80.34815000      62.87669191       0.37688221 
  6       4.14839347      49.12853750      43.17532845       0.38046857 
  6       4.14839347     107.21153750      19.70136346       0.38046857 
  6       4.18055781     -21.78112500      95.57257170       0.38931809 
  6       4.28919697      -5.80830000      60.36162423       0.37688221 
  6       4.28919697      69.21557500      10.06027070       0.37688221 
  6       4.14839347      18.39295000      28.50410033       0.38046857 
  6       4.17721450      49.12853750      84.25476716       0.38930451 
  6       4.18055781      39.69005000     100.60270706       0.38931809 
  6       4.18055781     -19.60301250      42.33697256       0.38931809 
  6       4.18055781      28.55747500     100.60270706       0.38931809 
  6       4.14839347      57.11495000      58.68491245       0.38046857 
  6       4.28919697     -16.94087500      82.15887743       0.37688221 
  6       4.18055781      65.34337500      41.07943872       0.38931809 
  6       4.14839347      44.53030000      19.28218552       0.38046857 
  6       4.14839347      46.95042500      62.87669191       0.38046857 
  6       4.28919697      84.46236250      43.17532845       0.37688221 
  6       4.17721450     -28.07345000      65.39175959       0.38930451 
  6       4.28919697      -6.29232500      86.35065689       0.37688221 
  6       4.28919697      36.05986250      63.29586986       0.37688221 
  6       4.18055781      76.71796250      34.79176953       0.38931809 
  6       4.14839347      11.37458750      54.07395504       0.38046857 
  6       4.18055781      60.74513750     102.69859679       0.38931809 
  6       4.14839347      72.11972500      59.52326834       0.38046857 
  6       4.18055781     -25.89533750      53.23559915       0.38931809 
  6       4.28919697      75.74991250      18.02465168       0.37688221 
  6       4.28919697     -51.54866250     100.18352911       0.37688221 
  6       4.28919697      44.77231250      75.03285234       0.37688221 
  6       4.14839347      -9.68050000      46.10957407       0.38046857 
  6       4.17721450      41.86816250      49.88217558       0.38930451 
  6       4.28919697      56.63092500       3.35342357       0.37688221 
  6       4.18055781      13.55270000      40.24108283       0.38931809 
  6       4.17721450      -1.69408750      21.37807525       0.38930451 
  6       4.17721450      18.63496250      75.87120824       0.38930451 
  6       4.14839347      38.23797500      39.40272693       0.38046857 
  6       4.18055781      82.04223750       4.61095741       0.38931809 
  6       4.14839347      56.63092500      20.95889730       0.38046857 
  6       4.28919697     -25.65332500      86.35065689       0.37688221 
  6       4.14839347      68.97356250      28.08492238       0.38046857 
  6       4.18055781      21.78112500      36.88765926       0.38931809 
  6       4.28919697      24.44326250      59.10409040       0.37688221 
  6       4.18055781      54.69482500      72.09860672       0.38931809 
  6       4.14839347      31.21961250      27.24656649       0.38046857 
  6       4.28919697      82.52626250      53.23559915       0.37688221 
  6       4.18055781      35.57583750       0.41917795       0.38931809 
  6       4.14839347     -43.56225000      82.99723332       0.38046857 
  6       4.18055781     -14.03672500      56.16984477       0.38931809 
  6       4.14839347      71.87771250      47.36710791       0.38046857 
  6       4.17721450     -15.00477500     104.79448652       0.38930451 
  6       4.28919697      25.16930000      20.12054141       0.37688221 
  6       4.17721450      44.53030000      29.34245622       0.38930451 
  6       4.18055781      19.60301250      90.96161429       0.38931809 
  6       4.17721450      85.91443750      14.67122811       0.38930451 
  6       4.28919697      53.00073750      98.50681733       0.37688221 
  6       4.18055781      65.10136250      80.06298770       0.38931809 
  6       4.28919697      12.34263750      22.21643114       0.37688221 
  6       4.28919697      13.06867500       3.35342357       0.37688221 
  6       4.18055781       7.50238750      62.45751396       0.38931809 
  6       4.17721450     -34.36577500      71.26025083       0.38930451 
  6       4.28919697      -3.87220000      97.24928349       0.37688221 
  6       4.17721450      92.69078750      38.14519310       0.38930451 
  6       4.18055781      36.54388750      91.79997018       0.38931809 
  6       4.18055781      12.58465000      12.57533838       0.38931809 
  6       4.28919697      29.04150000      69.58353905       0.37688221 
  6       4.17721450      19.84502500      67.06847137       0.38930451 
  6       4.28919697      85.43041250      23.89314292       0.37688221 
  6       4.14839347     102.12927500      32.69587979       0.38046857 
  6       4.18055781      -3.63018750       9.64109276       0.38931809 
  6       4.17721450      59.05105000      12.57533838       0.38930451 
  6       4.17721450      21.78112500      47.78628585       0.38930451 
  6       4.14839347      97.28902500      17.60547373       0.38046857 
  6       4.28919697      76.95997500      71.26025083       0.37688221 
  6       4.14839347     -13.55270000      92.21914813       0.38046857 
  6       4.28919697      34.84980000      17.60547373       0.37688221 
  6       4.14839347       1.21006250      54.91231094       0.38046857 
