 Pt           R                 X                Y               E
  7       4.27667410      16.45685000     108.14791009       0.16949534 
  7       4.27667410      16.69886250     141.26296782       0.16949534 
  7       4.27667410      45.74036250     139.58625604       0.16949534 
  7       4.27667410      43.32023750     101.86024090       0.16949534 
  7       4.39487018      72.36173750      85.09312305       0.17937308 
  7       4.27667410      84.70437500      62.87669191       0.16949534 
  7       4.27667410      38.72200000       8.38355892       0.16949534 
  7       4.27667410      38.47998750      75.87120824       0.16949534 
  7       4.27667410     -28.79948750      66.64929342       0.16949534 
  7       4.56780096      11.37458750      90.12325840       0.17216772 
  7       4.27667410      75.26588750     133.71776479       0.16949534 
  7       4.56780096      50.82262500      37.72601515       0.17216772 
  7       4.27667410      87.12450000      32.69587979       0.16949534 
  7       4.27667410     119.07015000      16.76711784       0.16949534 
  7       4.36580910      24.44326250      44.85204023       0.17866330 
  7       4.27667410      84.22035000     138.32872220       0.16949534 
  7       4.27667410      72.11972500      38.56437104       0.16949534 
  7       4.23757940     111.56776250       4.61095741       0.17781069 
  7       4.56780096     106.00147500      67.06847137       0.17216772 
  7       4.36580910      47.91847500      24.31232087       0.17866330 
  7       4.56780096     -52.51671250     127.01091766       0.17216772 
  7       4.56780096      62.19721250      49.04381969       0.17216772 
  7       4.27667410     104.54940000      95.57257170       0.16949534 
  7       4.56780096      51.30665000      78.80545386       0.17216772 
  7       4.27667410      90.02865000      20.12054141       0.16949534 
  7       4.27667410      -1.69408750      31.43834595       0.16949534 
  7       4.56780096     113.01983750      78.38627591       0.17216772 
  7       4.27667410     -38.72200000     136.65201042       0.16949534 
  7       4.27667410     -50.58061250      91.79997018       0.16949534 
  7       4.56780096     -33.39772500      79.64380975       0.17216772 
  7       4.27667410     -24.68527500     142.52050166       0.16949534 
  7       4.27667410      86.64047500      48.62464175       0.16949534 
  7       4.27667410     128.75065000      37.72601515       0.16949534 
  7       4.27667410     141.81932500      29.34245622       0.16949534 
  7       4.27667410      55.90488750      64.97258164       0.16949534 
  7       4.27667410      33.15571250      30.59999006       0.16949534 
  7       4.27667410     -66.79545000     133.29858685       0.16949534 
  7       4.56780096      23.71722500      16.76711784       0.17216772 
  7       4.23757940      83.01028750       5.44931330       0.17781069 
  7       4.27667410      11.13257500      29.34245622       0.16949534 
  7       4.27667410     -45.98237500     111.50133366       0.16949534 
  7       4.27667410      35.81785000     129.94516328       0.16949534 
  7       4.27667410     109.87367500      34.37259158       0.16949534 
  7       4.27667410      60.01910000      10.06027070       0.16949534 
  7       4.56780096     133.34888750       7.12602508       0.17216772 
  7       4.27667410      -6.05031250     128.68762944       0.16949534 
  7       4.27667410     -15.73081250      50.72053148       0.16949534 
  7       4.56780096     -24.44326250      84.25476716       0.17216772 
  7       4.27667410       5.32427500      66.23011548       0.16949534 
  7       4.27667410     119.79618750      52.39724326       0.16949534 
  7       4.27667410      59.29306250     140.42461193       0.16949534 
  7       4.56780096      -0.72603750     102.69859679       0.17216772 
  7       4.56780096      72.84576250      62.45751396       0.17216772 
  7       4.56780096     -20.32905000      93.89585991       0.17216772 
  7       4.56780096      12.34263750       5.44931330       0.17216772 
  7       4.39487018     126.81455000      59.52326834       0.17937308 
  7       4.27667410      54.93683750     102.69859679       0.16949534 
  7       4.27667410      51.30665000     117.36982490       0.16949534 
  7       4.56780096     -11.37458750     115.27393517       0.17216772 
  7       4.27667410      19.36100000      55.33148888       0.16949534 
  7       4.27667410     -29.28351250     116.11229106       0.16949534 
  7       4.27667410      33.63973750     117.78900285       0.16949534 
  7       4.27667410     -29.52552500     105.63284241       0.16949534 
  7       4.27667410     -58.56702500     105.63284241       0.16949534 
  7       4.27667410      85.67242500      77.12874207       0.16949534 
  7       4.27667410      -6.29232500      82.99723332       0.16949534 
  7       4.27667410      27.58942500       5.03013535       0.16949534 
  7       4.56780096      12.34263750      75.87120824       0.17216772 
  7       4.27667410     101.64525000      54.49313299       0.16949534 
  7       4.27667410      39.69005000      59.52326834       0.16949534 
  7       4.27667410      56.14690000     129.10680739       0.16949534 
  7       4.27667410      85.67242500     104.79448652       0.16949534 
  7       4.27667410      11.85861250      43.17532845       0.16949534 
  7       4.27667410      20.57106250      33.11505773       0.16949534 
  7       4.27667410      34.84980000      42.75615050       0.16949534 
  7       4.27667410      23.71722500     129.10680739       0.16949534 
  7       4.27667410      65.58538750     114.43557928       0.16949534 
  7       4.27667410      -5.56628750      71.67942878       0.16949534 
  7       4.27667410      16.45685000     121.56160436       0.16949534 
  7       4.27667410      32.42967500     106.47119830       0.16949534 
  7       4.56780096     -19.36100000     129.94516328       0.17216772 
  7       4.27667410     133.34888750      23.05478703       0.16949534 
  7       4.23757940      33.88175000      86.35065689       0.17781069 
  7       4.27667410      -7.50238750     138.74790015       0.16949534 
  7       4.27667410      69.45758750      16.34793989       0.16949534 
  7       4.27667410      76.47595000      51.13970942       0.16949534 
  7       4.27667410      58.80903750      90.96161429       0.16949534 
  7       4.27667410      23.23320000      75.45203029       0.16949534 
  7       4.27667410      86.64047500      93.05750402       0.16949534 
  7       4.27667410      -3.38817500      59.52326834       0.16949534 
  7       4.27667410      26.62137500      96.41092759       0.16949534 
  7       4.27667410       2.90415000      16.76711784       0.16949534 
  7       4.27667410      45.01432500      46.10957407       0.16949534 
  7       4.27667410      98.25707500      75.45203029       0.16949534 
  7       4.27667410      -8.71245000      20.95889730       0.16949534 
  7       4.56780096     -22.74917500      41.07943872       0.17216772 
  7       4.23757940     -35.09181250      90.12325840       0.17781069 
  7       4.27667410      94.14286250     112.75886749       0.16949534 
  7       4.56780096     120.52222500      69.58353905       0.17216772 
  7       4.27667410     -29.52552500     132.46023096       0.16949534 
