 Pt           R                 X                Y               E
  6       4.28919697     -18.63496250      56.58902272       0.37688221 
  6       4.17721450     -15.24678750     101.02188501       0.38930451 
  6       4.17721450      60.74513750      76.70956413       0.38930451 
  6       4.17721450       5.32427500      93.05750402       0.38930451 
  6       4.17721450      50.09658750      31.43834595       0.38930451 
  6       4.18055781      25.16930000      54.49313299       0.38931809 
  6       4.14839347     -37.02791250      70.84107288       0.38046857 
  6       4.14839347      46.95042500      64.55340369       0.38046857 
  6       4.14839347      47.43445000      86.35065689       0.38046857 
  6       4.17721450      -3.87220000      45.27121818       0.38930451 
  6       4.18055781      88.57657500      55.33148888       0.38931809 
  6       4.14839347     104.79141250       6.28766919       0.38046857 
  6       4.28919697      -8.47043750      81.73969948       0.37688221 
  6       4.28919697     -24.68527500      79.64380975       0.37688221 
  6       4.17721450      18.63496250     101.02188501       0.38930451 
  6       4.28919697      85.18840000      22.63560908       0.37688221 
  6       4.14839347      16.94087500      31.85752390       0.38046857 
  6       4.18055781     -24.20125000     103.11777474       0.38931809 
  6       4.17721450      38.47998750      54.91231094       0.38930451 
  6       4.18055781      -4.84025000      30.18081211       0.38931809 
  6       4.14839347     -15.97282500      87.18901278       0.38046857 
  6       4.28919697       5.80830000       4.19177946       0.37688221 
  6       4.17721450     -32.67168750      85.09312305       0.38930451 
  6       4.17721450      52.27470000     100.60270706       0.38930451 
  6       4.18055781      36.30187500      25.98903265       0.38931809 
  6       4.14839347      87.85053750      39.82190488       0.38046857 
  6       4.18055781      45.49835000      77.96709797       0.38931809 
  6       4.18055781       3.14616250      84.25476716       0.38931809 
  6       4.18055781      61.22916250      26.40821060       0.38931809 
  6       4.17721450       7.26037500      54.49313299       0.38930451 
  6       4.17721450      58.56702500      63.71504780       0.38930451 
  6       4.17721450      68.00551250      41.49861666       0.38930451 
  6       4.18055781      13.31068750      64.97258164       0.38931809 
  6       4.14839347      49.61256250      40.66026077       0.38046857 
  6       4.17721450      36.05986250      35.63012542       0.38930451 
  6       4.28919697      -8.47043750      17.18629579       0.37688221 
  6       4.17721450      35.81785000      44.43286229       0.38930451 
  6       4.17721450     -18.87697500      39.40272693       0.38930451 
  6       4.14839347      68.48953750       0.41917795       0.38046857 
  6       4.18055781     -24.68527500      47.78628585       0.38931809 
  6       4.28919697      99.95116250      15.50958400       0.37688221 
  6       4.14839347       7.98641250      36.46848131       0.38046857 
  6       4.14839347      17.18288750      40.66026077       0.38046857 
  6       4.28919697      22.26515000      21.79725319       0.37688221 
  6       4.14839347      67.76350000      54.49313299       0.38046857 
  6       4.18055781      31.46162500      12.57533838       0.38931809 
  6       4.14839347      22.74917500      92.21914813       0.38046857 
  6       4.17721450      45.49835000      49.46299764       0.38930451 
  6       4.28919697      38.72200000     100.60270706       0.37688221 
  6       4.28919697      51.30665000      20.95889730       0.37688221 
  6       4.28919697      16.21483750       7.12602508       0.37688221 
  6       4.14839347      58.32501250      37.30683720       0.38046857 
  6       4.14839347     -25.41131250      94.31503786       0.38046857 
  6       4.17721450      41.62615000      11.73698249       0.38930451 
  6       4.18055781     -25.89533750      70.84107288       0.38931809 
  6       4.14839347      28.07345000      83.83558921       0.38046857 
  6       4.28919697     -53.96878750     100.18352911       0.37688221 
  6       4.28919697      74.78186250       7.12602508       0.37688221 
  6       4.28919697      12.34263750      80.90134359       0.37688221 
  6       4.18055781      56.14690000      11.73698249       0.38931809 
  6       4.28919697      35.33382500      67.06847137       0.37688221 
  6       4.14839347      -1.21006250     104.37530857       0.38046857 
  6       4.14839347     -42.35218750      98.50681733       0.38046857 
  6       4.28919697      18.39295000      74.61367440       0.37688221 
  6       4.17721450      25.65332500       3.35342357       0.38930451 
  6       4.17721450       3.38817500      12.57533838       0.38930451 
  6       4.18055781      88.33456250      10.47944865       0.38931809 
  6       4.14839347     -10.40653750      52.39724326       0.38046857 
  6       4.18055781       7.26037500      20.95889730       0.38931809 
  6       4.28919697      25.65332500      43.59450639       0.37688221 
  6       4.28919697      79.13808750      34.79176953       0.37688221 
  6       4.17721450      69.21557500      63.71504780       0.38930451 
  6       4.14839347     -41.62615000      86.35065689       0.38046857 
  6       4.18055781      95.59493750      23.89314292       0.38931809 
  6       4.14839347     -34.60778750      94.31503786       0.38046857 
  6       4.14839347      69.45758750      83.41641126       0.38046857 
  6       4.18055781       0.24201250      68.32600521       0.38931809 
  6       4.28919697      61.22916250      90.12325840       0.37688221 
  6       4.18055781     -10.64855000      62.03833602       0.38931809 
  6       4.28919697      80.59016250      44.85204023       0.37688221 
  6       4.14839347      95.59493750       5.44931330       0.38046857 
  6       4.18055781      70.18362500      25.98903265       0.38931809 
  6       4.14839347      70.42563750      72.51778467       0.38046857 
  6       4.14839347      88.57657500      31.01916800       0.38046857 
  6       4.14839347     -15.48880000      75.45203029       0.38046857 
  6       4.18055781      67.76350000      15.09040606       0.38931809 
  6       4.17721450      30.25156250      97.66846144       0.38930451 
  6       4.18055781      23.47521250      65.81093753       0.38931809 
  6       4.17721450       7.98641250      45.69039612       0.38930451 
  6       4.18055781     104.54940000      23.47396498       0.38931809 
  6       4.18055781      37.02791250      90.96161429       0.38931809 
  6       4.28919697      54.93683750      55.75066683       0.37688221 
  6       4.17721450      15.24678750      50.72053148       0.38930451 
  6       4.18055781      77.44400000      61.19998013       0.38931809 
  6       4.17721450      -5.56628750      96.83010555       0.38930451 
  6       4.18055781      14.03672500      92.21914813       0.38931809 
  6       4.14839347     113.50386250       5.44931330       0.38046857 
  6       4.17721450      61.22916250      48.20546380       0.38930451 
  6       4.18055781      33.15571250      76.70956413       0.38931809 
  6       4.14839347      -0.48402500      58.68491245       0.38046857 
