 Pt           R                 X                Y               E
  7       4.27667410     -16.45685000      58.68491245       0.16949534 
  7       4.27667410     -62.92325000     129.94516328       0.16949534 
  7       4.27667410      11.61660000      65.39175959       0.16949534 
  7       4.27667410      54.21080000     124.07667204       0.16949534 
  7       4.27667410      31.94565000      94.73421581       0.16949534 
  7       4.27667410      71.15167500       0.00000000       0.16949534 
  7       4.27667410     -18.15093750     127.84927355       0.16949534 
  7       4.27667410      28.07345000      43.59450639       0.16949534 
  7       4.27667410     100.67720000      94.73421581       0.16949534 
  7       4.27667410      84.70437500      93.05750402       0.16949534 
  7       4.27667410     -29.04150000     134.97529863       0.16949534 
  7       4.27667410      77.20198750     122.81913820       0.16949534 
  7       4.27667410      44.04627500     100.60270706       0.16949534 
  7       4.27667410      39.93206250     128.68762944       0.16949534 
  7       4.27667410      69.21557500     105.63284241       0.16949534 
  7       4.27667410      46.46640000      58.68491245       0.16949534 
  7       4.27667410     -31.46162500      69.58353905       0.16949534 
  7       4.27667410      57.84098750      63.29586986       0.16949534 
  7       4.27667410       0.72603750       5.44931330       0.16949534 
  7       4.27667410     107.45355000      36.88765926       0.16949534 
  7       4.27667410     -22.74917500      84.67394510       0.16949534 
  7       4.27667410     136.97907500      44.43286229       0.16949534 
  7       4.27667410     105.75946250      76.70956413       0.16949534 
  7       4.27667410     122.70033750      36.46848131       0.16949534 
  7       4.27667410     -50.33860000     129.10680739       0.16949534 
  7       4.27667410      40.90011250     115.27393517       0.16949534 
  7       4.27667410      64.61733750     129.52598533       0.16949534 
  7       4.27667410     117.86008750      10.47944865       0.16949534 
  7       4.27667410      18.39295000      30.18081211       0.16949534 
  7       4.27667410      13.31068750     116.95064695       0.16949534 
  7       4.27667410      80.10613750      80.06298770       0.16949534 
  7       4.27667410     112.29380000      67.06847137       0.16949534 
  7       4.27667410      15.73081250      97.66846144       0.16949534 
  7       4.27667410      25.89533750       1.25753384       0.16949534 
  7       4.27667410      45.01432500      37.72601515       0.16949534 
  7       4.27667410      38.96401250      80.06298770       0.16949534 
  7       4.27667410     -34.12376250      59.94244629       0.16949534 
  7       4.27667410      51.54866250     111.92051160       0.16949534 
  7       4.27667410      67.27947500      20.95889730       0.16949534 
  7       4.27667410      -0.48402500     113.17804544       0.16949534 
  7       4.27667410     144.23945000      14.25205016       0.16949534 
  7       4.27667410      98.01506250       8.80273687       0.16949534 
  7       4.27667410       1.69408750      66.64929342       0.16949534 
  7       4.27667410      -6.53433750      87.60819072       0.16949534 
  7       4.27667410      57.84098750     100.18352911       0.16949534 
  7       4.27667410       6.29232500      93.05750402       0.16949534 
  7       4.27667410       8.95446250     128.68762944       0.16949534 
  7       4.27667410      82.52626250      23.05478703       0.16949534 
  7       4.27667410     -23.95923750     108.56708803       0.16949534 
  7       4.27667410     122.70033750      55.75066683       0.16949534 
  7       4.27667410      82.52626250      60.78080218       0.16949534 
  7       4.27667410      74.05582500      93.89585991       0.16949534 
  7       4.27667410      89.54462500     126.59173971       0.16949534 
  7       4.27667410      50.82262500      81.32052153       0.16949534 
  7       4.27667410      77.68601250      37.30683720       0.16949534 
  7       4.27667410       3.38817500      51.97806531       0.16949534 
  7       4.27667410      -0.96805000      29.34245622       0.16949534 
  7       4.27667410      24.44326250     114.43557928       0.16949534 
  7       4.27667410     101.64525000      65.39175959       0.16949534 
  7       4.27667410     -34.12376250     104.37530857       0.16949534 
  7       4.27667410     -35.81785000      87.18901278       0.16949534 
  7       4.27667410      96.80500000      46.10957407       0.16949534 
  7       4.27667410      82.52626250      49.04381969       0.16949534 
  7       4.27667410      93.90085000      32.69587979       0.16949534 
  7       4.27667410      94.86890000      83.83558921       0.16949534 
  7       4.27667410      67.52148750     117.78900285       0.16949534 
  7       4.27667410      -9.92251250      23.05478703       0.16949534 
  7       4.27667410      36.05986250      64.97258164       0.16949534 
  7       4.27667410     107.45355000       2.51506768       0.16949534 
  7       4.27667410      60.26111250     138.74790015       0.16949534 
  7       4.27667410     -75.74991250     139.58625604       0.16949534 
  7       4.27667410      41.86816250      11.31780454       0.16949534 
  7       4.27667410     106.00147500      51.13970942       0.16949534 
  7       4.27667410      75.50790000      70.42189494       0.16949534 
  7       4.27667410      62.19721250      78.38627591       0.16949534 
  7       4.27667410       9.92251250      77.54792002       0.16949534 
  7       4.27667410     136.97907500      31.85752390       0.16949534 
  7       4.27667410      33.88175000      23.47396498       0.16949534 
  7       4.27667410      17.42490000      54.49313299       0.16949534 
  7       4.27667410     -37.26992500     140.84378988       0.16949534 
  7       4.27667410     120.28021250      26.40821060       0.16949534 
  7       4.27667410      28.55747500      80.48216564       0.16949534 
  7       4.27667410      28.55747500     128.26845150       0.16949534 
  7       4.27667410      35.81785000     106.47119830       0.16949534 
  7       4.27667410     -30.73558750     117.78900285       0.16949534 
  7       4.27667410      69.69960000      50.30135353       0.16949534 
  7       4.27667410     -28.07345000      96.41092760       0.16949534 
  7       4.27667410       8.71245000      12.57533838       0.16949534 
  7       4.27667410     -12.10062500      33.53423568       0.16949534 
  7       4.27667410     -10.40653750      46.52875202       0.16949534 
  7       4.27667410     -11.85861250      99.34517322       0.16949534 
  7       4.27667410      56.87293750       9.64109276       0.16949534 
  7       4.27667410     -42.35218750      75.87120824       0.16949534 
  7       4.27667410     -47.43445000     139.16707809       0.16949534 
  7       4.27667410     -52.27470000      90.54243635       0.16949534 
  7       4.27667410     -42.35218750     120.30407052       0.16949534 
  7       4.27667410     -63.16526250     111.92051160       0.16949534 
  7       4.27667410      88.33456250      73.35614056       0.16949534 
  7       4.27667410     107.93757500      13.41369427       0.16949534 
  7       4.27667410     -54.69482500     100.60270706       0.16949534 
