 Pt           R                 X                Y               E
  5       4.20609141      -2.42012500      43.59450639       0.56916098 
  5       4.20831736      14.52075000      11.73698249       0.57117317 
  5       3.37496538      49.85457500      15.92876195       0.57185810 
  5       4.20609141      41.62615000      82.15887743       0.56916098 
  5       4.20564574       8.95446250      47.36710791       0.56915931 
  5       3.36972158      60.50312500      14.25205016       0.57035311 
  5       3.32086807      53.96878750      25.56985471       0.57278937 
  5       4.20564574       1.93610000      97.24928349       0.56915931 
  5       4.20831736      44.28828750      43.17532845       0.57117317 
  5       3.37496538      71.63570000      78.80545386       0.57185810 
  5       3.55393743     -20.32905000      76.29038618       0.57599677 
  5       3.36972158      65.34337500      75.45203029       0.57035311 
  5       3.36972158      13.31068750      23.89314292       0.57035311 
  5       4.20564574     -40.65810000      88.02736867       0.56915931 
  5       4.20564574       4.11421250      38.14519310       0.56915931 
  5       3.37496538      -4.84025000      83.83558921       0.57185810 
  5       3.37496538     112.77782500      12.57533838       0.57185810 
  5       3.36972158      41.86816250      57.42737861       0.57035311 
  5       4.20609141     105.51745000       6.70684714       0.56916098 
  5       4.20564574      81.07418750       5.44931330       0.56915931 
  5       3.55393743     -15.24678750     102.69859679       0.57599677 
  5       4.20609141      -8.47043750      33.95341364       0.56916098 
  5       4.20564574      69.45758750      33.11505773       0.56915931 
  5       3.95519852     -28.79948750      91.79997018       0.58007359 
  5       4.20564574      57.84098750      79.22463180       0.56915931 
  5       4.20609141     -17.18288750      54.07395504       0.56916098 
  5       3.37496538      14.27873750      90.96161429       0.57185810 
  5       4.20564574     101.16122500      27.66574444       0.56915931 
  5       3.37496538      64.37532500      93.05750402       0.57185810 
  5       4.20564574      46.95042500      94.73421581       0.56915931 
  5       4.21767649      31.21961250      69.16436110       0.57449383 
  5       4.20609141      -5.08226250      23.89314292       0.56916098 
  5       4.20564574      68.97356250      50.72053148       0.56915931 
  5       4.20609141      86.39846250      23.89314292       0.56916098 
  5       4.20831736      24.20125000      47.78628585       0.57117317 
  5       4.20564574     -19.36100000      85.51230099       0.56915931 
  5       4.20831736      52.27470000       4.19177946       0.57117317 
  5       3.36972158      39.93206250      73.35614056       0.57035311 
  5       3.37496538     103.58135000      17.60547373       0.57185810 
  5       4.20609141      37.51193750       4.61095741       0.56916098 
  5       3.41465927      61.71318750      23.05478703       0.57352190 
  5       4.20609141     -13.06867500      42.75615050       0.56916098 
  5       4.20564574     -10.64855000      76.29038618       0.56915931 
  5       3.36972158     -32.42967500      72.09860672       0.57035311 
  5       4.20609141      11.61660000      67.06847137       0.56916098 
  5       4.20831736      95.83695000      10.06027070       0.57117317 
  5       4.12011909      36.30187500     104.79448652       0.58073439 
  5       3.32086807      83.49431250      33.11505773       0.57278937 
  5       4.20609141      70.42563750      62.45751396       0.56916098 
  5       3.36972158      24.20125000       8.38355892       0.57035311 
  5       3.36972158      33.88175000      34.37259158       0.57035311 
  5       4.20831736      30.73558750      84.25476716       0.57117317 
  5       4.20831736      24.20125000      91.38079224       0.57117317 
  5       4.21767649     -10.64855000      60.36162423       0.57449383 
  5       3.32086807      57.11495000      90.54243635       0.57278937 
  5       4.20831736      84.46236250      54.07395504       0.57117317 
  5       4.20564574      25.89533750     102.69859679       0.56915931 
  5       3.36972158      64.85935000       8.38355892       0.57035311 
  5       3.36972158       0.96805000      73.77531851       0.57035311 
  5       4.21767649      22.26515000      73.77531851       0.57449383 
  5       4.21767649      75.99192500      20.95889730       0.57449383 
  5       3.37496538      74.29783750       0.41917795       0.57185810 
  5       3.37496538     -53.00073750     102.69859679       0.57185810 
  5       4.20564574      -6.05031250      67.48764932       0.56915931 
  5       4.20564574     116.16600000       4.19177946       0.56915931 
  5       3.36972158      68.97356250      16.34793989       0.57035311 
  5       4.20609141      11.85861250      33.11505773       0.56916098 
  5       3.36972158      32.91370000      58.68491245       0.57035311 
  5       3.37496538      23.47521250      24.73149881       0.57185810 
  5       3.37496538      -5.80830000      54.49313299       0.57185810 
  5       4.21767649      51.30665000      57.00820067       0.57449383 
  5       4.20831736      50.82262500      68.74518315       0.57117317 
  5       4.20564574      86.64047500      43.59450639       0.56915931 
  5       4.20609141      33.63973750      19.70136346       0.56916098 
  5       4.20564574      20.81307500       0.83835589       0.56915931 
  5       3.32086807      58.56702500      32.69587979       0.57278937 
  5       4.20564574     -33.39772500      82.99723332       0.56915931 
  5       4.20564574      52.75872500      47.78628585       0.56915931 
  5       3.41465927      36.30187500      46.94792996       0.57352190 
  5       3.37496538      66.31142500      83.83558921       0.57185810 
  5       3.36972158      96.32097500      39.40272693       0.57035311 
  5       3.41465927      77.92802500      39.40272693       0.57352190 
  5       3.55393743      34.36577500      92.21914813       0.57599677 
  5       3.37496538      26.86338750      36.46848131       0.57185810 
  5       4.20564574      41.86816250      16.34793989       0.56915931 
  5       4.20831736      -8.22842500      98.92599528       0.57117317 
  5       3.96464630      74.53985000      69.58353905       0.58003551 
  5       4.20609141     -30.97760000     103.95613063       0.56916098 
  5       3.41465927     -34.12376250      64.97258164       0.57352190 
  5       4.20609141      20.57106250      60.78080218       0.56916098 
  5       3.36972158     -23.71722500      59.52326834       0.57035311 
  5       4.20609141      46.46640000      26.82738854       0.56916098 
  5       3.41465927     -49.37055000      93.89585991       0.57352190 
  5       4.20564574     -18.39295000      68.74518315       0.56915931 
  5       3.32086807      12.10062500      80.48216564       0.57278937 
  5       3.32086807      63.40727500      68.74518315       0.57278937 
  5       3.36972158      69.45758750      41.49861666       0.57035311 
  5       3.36972158      21.53911250      40.66026077       0.57035311 
  5       3.37496538     -21.05508750      93.47668197       0.57185810 
  5       4.20831736     -23.23320000      46.94792996       0.57117317 
