 Pt           R                 X                Y               E
  4       3.40871735     -45.49835000     101.44106295       0.76719351 
  4       3.40871735      11.61660000       5.03013535       0.76719351 
  4       3.40871735      -6.53433750      32.27670184       0.76719351 
  4       3.40871735      32.67168750      74.19449645       0.76719351 
  4       3.40871735      30.00955000      12.57533838       0.76719351 
  4       3.40871735       2.42012500      16.76711784       0.76719351 
  4       3.40871735     -18.87697500      72.09860672       0.76719351 
  4       3.40871735     -17.18288750     101.02188501       0.76719351 
  4       3.40871735      77.92802500      71.26025083       0.76719351 
  4       3.40871735      69.69960000      54.49313299       0.76719351 
  4       3.40871735      23.95923750      89.28490251       0.76719351 
  4       3.40871735      23.71722500      29.34245622       0.76719351 
  4       3.40871735     -33.63973750      86.76983483       0.76719351 
  4       3.40871735      42.11017500      79.64380975       0.76719351 
  4       3.40871735      63.89130000      24.31232087       0.76719351 
  4       3.40871735     -21.78112500      58.68491245       0.76719351 
  4       3.40871735      15.97282500      99.76435117       0.76719351 
  4       3.40871735      69.21557500      71.26025083       0.76719351 
  4       3.40871735       2.17811250      38.14519310       0.76719351 
  4       3.40871735     106.48550000       8.38355892       0.76719351 
  4       3.40871735      92.20676250       7.12602508       0.76719351 
  4       3.40871735      81.31620000      15.09040606       0.76719351 
  4       3.40871735      57.11495000       0.83835589       0.76719351 
  4       3.40871735      -8.47043750      21.37807525       0.76719351 
  4       3.40871735      79.38010000      63.71504780       0.76719351 
  4       3.40871735      86.15645000      37.72601515       0.76719351 
  4       3.40871735      70.66765000      87.18901278       0.76719351 
  4       3.40871735      38.72200000      91.38079224       0.76719351 
  4       3.40871735      48.88652500      42.75615050       0.76719351 
  4       3.40871735      49.12853750      98.50681733       0.76719351 
  4       3.40871735     -21.53911250      89.28490251       0.76719351 
  4       3.40871735      28.55747500      54.49313299       0.76719351 
  4       3.40871735      66.06941250      44.85204023       0.76719351 
  4       3.40871735      -7.50238750      80.06298770       0.76719351 
  4       3.40871735     -17.42490000      80.48216564       0.76719351 
  4       3.40871735      -3.87220000      93.89585991       0.76719351 
  4       3.40871735      56.38891250      28.92327827       0.76719351 
  4       3.40871735     -15.73081250      31.43834595       0.76719351 
  4       3.40871735     100.43518750       2.09588973       0.76719351 
  4       3.40871735      84.22035000      47.78628585       0.76719351 
  4       3.40871735      15.73081250      28.92327827       0.76719351 
  4       3.40871735     -12.34263750      52.39724326       0.76719351 
  4       3.40871735      57.84098750      63.29586986       0.76719351 
  4       3.40871735      56.38891250      89.28490251       0.76719351 
  4       3.40871735     -56.38891250      97.66846144       0.76719351 
  4       3.40871735      24.68527500      77.96709797       0.76719351 
  4       3.40871735      94.14286250      35.63012542       0.76719351 
  4       3.40871735      20.57106250      48.20546380       0.76719351 
  4       3.40871735      55.42086250      12.15616043       0.76719351 
  4       3.40871735      47.91847500      67.06847137       0.76719351 
  4       3.40871735     -32.18766250      96.83010555       0.76719351 
  4       3.40871735      38.96401250      16.34793989       0.76719351 
  4       3.40871735       4.84025000      92.21914813       0.76719351 
  4       3.40871735      68.73155000      15.92876195       0.76719351 
  4       3.40871735      -5.08226250      11.31780454       0.76719351 
  4       3.40871735      -0.00000000      57.84655656       0.76719351 
  4       3.40871735     104.06537500      22.63560908       0.76719351 
  4       3.40871735      21.78112500      70.42189494       0.76719351 
  4       3.40871735      30.97760000      23.47396498       0.76719351 
  4       3.40871735      75.50790000      31.85752390       0.76719351 
  4       3.40871735       0.00000000      77.12874207       0.76719351 
  4       3.40871735     -44.53030000      79.64380975       0.76719351 
  4       3.40871735       6.77635000     100.60270706       0.76719351 
  4       3.40871735       8.71245000      84.67394510       0.76719351 
  4       3.40871735      31.46162500      94.73421581       0.76719351 
  4       3.40871735       6.53433750      64.13422575       0.76719351 
  4       3.40871735      96.56298750      18.86300757       0.76719351 
  4       3.40871735      44.77231250      11.31780454       0.76719351 
  4       3.40871735      77.92802500      41.07943872       0.76719351 
  4       3.40871735      17.18288750      62.45751396       0.76719351 
  4       3.40871735     -30.73558750      57.42737861       0.76719351 
  4       3.40871735      50.82262500      54.49313299       0.76719351 
  4       3.40871735      10.89056250      18.86300757       0.76719351 
  4       3.40871735      29.52552500      41.07943872       0.76719351 
  4       3.40871735      54.21080000      81.32052153       0.76719351 
  4       3.40871735       0.24201250      85.93147894       0.76719351 
  4       3.40871735     -29.28351250      71.67942878       0.76719351 
  4       3.40871735      97.77305000      27.66574444       0.76719351 
  4       3.40871735      22.26515000       1.67671178       0.76719351 
  4       3.40871735      80.83217500      56.16984477       0.76719351 
  4       3.40871735      62.92325000      34.37259158       0.76719351 
  4       3.40871735     -21.29710000      41.91779461       0.76719351 
  4       3.40871735       5.32427500      28.50410033       0.76719351 
  4       3.40871735      34.60778750      49.04381969       0.76719351 
  4       3.40871735      71.15167500       5.03013535       0.76719351 
  4       3.40871735      27.83143750      63.29586986       0.76719351 
  4       3.40871735      81.07418750      24.73149881       0.76719351 
  4       3.40871735      38.47998750       4.61095741       0.76719351 
  4       3.40871735     114.22990000       1.67671178       0.76719351 
  4       3.40871735       9.68050000      75.45203029       0.76719351 
  4       3.40871735      -8.47043750      59.94244629       0.76719351 
  4       3.40871735      58.08300000      41.91779461       0.76719351 
  4       3.40871735     -24.20125000      49.46299764       0.76719351 
  4       3.40871735      29.76753750     102.69859679       0.76719351 
  4       3.40871735      17.90892500      12.57533838       0.76719351 
  4       3.40871735      57.11495000      72.09860672       0.76719351 
  4       3.40871735      64.13331250      80.90134359       0.76719351 
  4       3.40871735      13.06867500      36.88765926       0.76719351 
  4       3.40871735      15.73081250      54.91231094       0.76719351 
  4       3.40871735      58.32501250      50.72053148       0.76719351 
