 Pt           R                 X                Y               E
  2       2.73305264      70.18362500      67.06847137       1.12928328 
  2       2.79100264      95.11091250      41.49861666       1.12859649 
  2       2.79231593     108.90562500      12.57533838       1.14181141 
  2       2.81883172      64.13331250      68.32600521       1.14123858 
  2       2.79231593      10.64855000      66.23011548       1.14181141 
  2       2.79100264      59.29306250      48.20546380       1.12859649 
  2       2.79100264      45.74036250      77.54792002       1.12859649 
  2       2.81726766      52.51671250      84.25476716       1.14117534 
  2       2.81883172      30.73558750     100.18352911       1.14123858 
  2       2.79021837     -27.10540000      80.48216564       1.14179444 
  2       2.79231593      79.38010000      21.79725319       1.14181141 
  2       2.81726766      44.77231250      28.08492238       1.14117534 
  2       2.73305264      50.33860000      12.57533838       1.12928328 
  2       2.78843079      70.42563750      28.92327827       1.12928439 
  2       2.73305264     -36.54388750      69.16436110       1.12928328 
  2       2.73305264      37.51193750      28.92327827       1.12928328 
  2       2.79231593      11.37458750     104.37530857       1.14181141 
  2       2.78843079      93.17481250      21.37807525       1.12928439 
  2       2.73305264      30.00955000      81.32052153       1.12928328 
  2       2.79021837     -28.55747500      65.39175959       1.14179444 
  2       2.79231593      39.44803750      84.25476716       1.14181141 
  2       2.79021837      -7.26037500      51.97806531       1.14179444 
  2       2.81726766      90.51267500      37.72601515       1.14117534 
  2       2.79021837      18.15093750      26.40821060       1.14179444 
  2       2.79100264      24.92728750      28.08492238       1.12859649 
  2       2.81726766      -9.92251250      99.34517322       1.14117534 
  2       2.79114648       3.14616250      95.99174964       1.12859725 
  2       2.73305264      16.21483750       5.44931330       1.12928328 
  2       2.81726766      45.49835000      92.21914813       1.14117534 
  2       2.81883172       3.63018750      19.70136346       1.14123858 
  2       2.81726766      77.44400000       3.35342357       1.14117534 
  2       2.79231593     -14.52075000      92.21914813       1.14181141 
  2       2.78843079     -10.40653750      42.33697256       1.12928439 
  2       2.79231593      20.32905000      20.95889730       1.14181141 
  2       2.79231593      86.88248750      29.76163417       1.14181141 
  2       2.79231593     -20.57106250     100.18352911       1.14181141 
  2       2.73305264      73.32978750      58.26573450       1.12928328 
  2       2.79100264      20.81307500      73.77531851       1.12859649 
  2       2.73305264      79.62211250      13.83287222       1.12928328 
  2       2.79100264      71.39368750      47.36710791       1.12859649 
  2       2.79021837     101.64525000      25.15067676       1.14179444 
  2       2.79021837     -33.39772500      88.02736867       1.14179444 
  2       2.79021837      75.02387500      39.40272693       1.14179444 
  2       2.79231593      53.48476250       2.93424562       1.14181141 
  2       2.78843079      50.58061250      61.61915807       1.12928439 
  2       2.79114648     -43.56225000     100.60270706       1.12859725 
  2       2.81726766      34.84980000      57.00820067       1.14117534 
  2       2.79100264      64.61733750      30.59999006       1.12859649 
  2       2.79114648     -37.51193750     102.69859679       1.12859725 
  2       2.79021837      21.05508750     103.53695268       1.14179444 
  2       2.78843079      53.72677500      41.07943872       1.12928439 
  2       2.79021837      -2.17811250      80.06298770       1.14179444 
  2       2.79100264      48.16048750      55.75066683       1.12859649 
  2       2.73305264      -6.29232500      94.73421581       1.12928328 
  2       2.73305264      49.61256250      24.73149881       1.12928328 
  2       2.79100264      15.00477500      92.21914813       1.12859649 
  2       2.79231593      24.44326250      90.96161429       1.14181141 
  2       2.79231593      34.84980000      71.26025083       1.14181141 
  2       2.73305264      93.41682500      13.41369427       1.12928328 
  2       2.79021837      23.23320000      83.83558921       1.14179444 
  2       2.81883172       4.35622500      51.13970942       1.14123858 
  2       2.79100264     -48.40250000      86.35065689       1.12859649 
  2       2.73305264      65.10136250      38.14519310       1.12928328 
  2       2.81726766      25.16930000      48.62464175       1.14117534 
  2       2.79231593      11.61660000      43.59450639       1.14181141 
  2       2.78843079     -17.18288750      45.69039612       1.12928439 
  2       2.79114648       2.66213750      85.93147894       1.12859725 
  2       2.78843079      73.81381250      23.05478703       1.12928439 
  2       2.73305264      26.86338750      65.81093753       1.12928328 
  2       2.79021837      88.33456250      44.85204023       1.14179444 
  2       2.81883172     -17.18288750      80.06298770       1.14123858 
  2       2.81883172     109.14763750       6.28766919       1.14123858 
  2       2.78843079      15.73081250      38.14519310       1.12928439 
  2       2.79021837      25.41131250      18.02465168       1.14179444 
  2       2.73305264       0.24201250      27.24656649       1.12928328 
  2       2.81883172      33.39772500      12.57533838       1.14123858 
  2       2.79114648     -11.13257500      58.68491245       1.12859725 
  2       2.79231593     -35.57583750      82.57805537       1.14181141 
  2       2.79231593       2.42012500      13.41369427       1.14181141 
  2       2.81726766      58.80903750      18.02465168       1.14117534 
  2       2.79021837     -19.11898750      36.46848131       1.14179444 
  2       2.81726766     -27.58942500      58.68491245       1.14117534 
  2       2.78843079      67.52148750      23.05478703       1.12928439 
  2       2.79100264      26.86338750      38.14519310       1.12859649 
  2       2.73305264      45.74036250       0.41917795       1.12928328 
  2       2.81883172       1.45207500      58.68491245       1.14123858 
  2       2.81883172      43.80426250      69.16436110       1.14123858 
  2       2.81726766      80.59016250      57.42737861       1.14117534 
  2       2.79231593      60.01910000      96.41092760       1.14181141 
  2       2.79021837      37.99596250      64.13422575       1.14179444 
  2       2.78843079      56.87293750      33.95341364       1.12928439 
  2       2.81883172      63.40727500      14.25205016       1.14123858 
  2       2.79021837     -10.89056250      19.70136346       1.14179444 
  2       2.79231593      71.63570000      77.12874207       1.14181141 
  2       2.79231593      93.90085000       2.51506768       1.14181141 
  2       2.81726766      41.14212500     103.11777474       1.14117534 
  2       2.81883172      11.13257500      32.69587979       1.14123858 
  2       2.79114648      -1.69408750      71.67942878       1.12859725 
  2       2.78843079      56.38891250      70.00271699       1.12928439 
  2       2.81883172     -24.68527500      69.58353905       1.14123858 
