 Pt           R                 X                Y               E
  5       4.20564574      60.98715000      24.31232087       0.56915931 
  5       4.20564574      23.23320000      93.89585991       0.56915931 
  5       4.20564574      77.68601250      70.00271699       0.56915931 
  5       4.20564574      24.92728750       8.80273687       0.56915931 
  5       4.20564574      32.18766250      93.47668197       0.56915931 
  5       4.20564574      61.71318750      85.09312305       0.56915931 
  5       4.20564574      23.95923750      49.88217558       0.56915931 
  5       4.20564574      40.65810000      34.37259158       0.56915931 
  5       4.20564574     -19.84502500      46.94792996       0.56915931 
  5       4.20564574      18.15093750      16.34793989       0.56915931 
  5       4.20564574      56.63092500     104.79448652       0.56915931 
  5       4.20564574     -24.20125000      60.36162423       0.56915931 
  5       4.20564574      -8.71245000      20.95889730       0.56915931 
  5       4.20564574      -6.05031250      70.84107288       0.56915931 
  5       4.20564574      39.69005000       8.38355892       0.56915931 
  5       4.20564574      10.64855000     100.60270706       0.56915931 
  5       4.20564574      67.52148750      59.94244629       0.56915931 
  5       4.20564574      17.18288750      28.92327827       0.56915931 
  5       4.20564574     -12.10062500      79.64380975       0.56915931 
  5       4.20564574      19.36100000      82.99723332       0.56915931 
  5       4.20564574      47.43445000      50.30135353       0.56915931 
  5       4.20564574      47.19243750      17.18629579       0.56915931 
  5       4.20564574      89.54462500      20.95889730       0.56915931 
  5       4.20564574      32.18766250      28.92327827       0.56915931 
  5       4.20564574      12.58465000      51.97806531       0.56915931 
  5       4.20564574      68.73155000      77.12874207       0.56915931 
  5       4.20564574      10.40653750      36.46848131       0.56915931 
  5       4.20564574      43.07822500      86.35065689       0.56915931 
  5       4.20564574      37.75395000      67.90682726       0.56915931 
  5       4.20564574      88.57657500      44.43286229       0.56915931 
  5       4.20564574      76.95997500      43.59450639       0.56915931 
  5       4.20564574     -32.42967500      71.26025083       0.56915931 
  5       4.20564574      63.89130000      40.24108283       0.56915931 
  5       4.20564574       2.42012500      14.25205016       0.56915931 
  5       4.20564574      80.83217500      28.50410033       0.56915931 
  5       4.20564574     -27.34741250      97.66846144       0.56915931 
  5       4.20564574      98.74110000      33.53423569       0.56915931 
  5       4.20564574      71.39368750      30.59999006       0.56915931 
  5       4.20564574      62.92325000       8.38355892       0.56915931 
  5       4.20564574      17.42490000      66.23011548       0.56915931 
  5       4.20564574     -53.24275000      98.92599528       0.56915931 
  5       4.20564574      53.96878750       4.61095741       0.56915931 
  5       4.20564574      51.30665000      78.80545386       0.56915931 
  5       4.20564574       7.98641250      69.16436110       0.56915931 
  5       4.20564574      33.39772500      42.75615050       0.56915931 
  5       4.20564574     -14.52075000      64.55340369       0.56915931 
  5       4.20564574      80.34815000       6.70684714       0.56915931 
  5       4.20564574     107.93757500      13.41369427       0.56915931 
  5       4.20564574     -37.02791250      85.09312305       0.56915931 
  5       4.20564574     108.17958750       0.41917795       0.56915931 
  5       4.20564574     -22.74917500      82.99723332       0.56915931 
  5       4.20564574      32.67168750      14.67122811       0.56915931 
  5       4.20564574      58.08300000      58.68491245       0.56915931 
  5       4.20564574       5.32427500      92.21914813       0.56915931 
  5       4.20564574      30.00955000      80.48216564       0.56915931 
  5       4.20564574      59.53507500      75.45203029       0.56915931 
  5       4.20564574      -4.84025000      57.84655656       0.56915931 
  5       4.20564574     -16.21483750     104.37530857       0.56915931 
  5       4.20564574     -42.83621250     101.02188501       0.56915931 
  5       4.20564574      54.21080000      66.23011548       0.56915931 
  5       4.20564574     -19.11898750      93.47668197       0.56915931 
  5       4.20564574       4.84025000      24.31232087       0.56915931 
  5       4.20564574      79.13808750      18.86300757       0.56915931 
  5       4.20564574      -8.95446250      31.43834595       0.56915931 
  5       4.20564574      -3.87220000      41.07943872       0.56915931 
  5       4.20564574      55.17885000      31.01916800       0.56915931 
  5       4.20564574      42.83621250      75.87120824       0.56915931 
  5       4.20564574      -7.98641250      92.63832608       0.56915931 
  5       4.20564574       4.59823750      80.06298770       0.56915931 
  5       4.20564574      44.04627500      97.24928349       0.56915931 
  5       4.20564574      93.65883750       9.64109276       0.56915931 
  5       4.20564574      30.49357500       1.67671178       0.56915931 
  5       4.20564574      82.04223750      50.72053148       0.56915931 
  5       4.20564574      35.09181250     104.37530857       0.56915931 
  5       4.20564574      25.65332500      36.04930337       0.56915931 
  5       4.20564574      -0.72603750     101.86024090       0.56915931 
  5       4.20564574      56.87293750      95.15339375       0.56915931 
  5       4.20564574      84.46236250      61.61915807       0.56915931 
  5       4.20564574      61.47117500      50.30135353       0.56915931 
  5       4.20564574      52.75872500      42.75615050       0.56915931 
  5       4.20564574      29.76753750      63.29586986       0.56915931 
  5       4.20564574      72.36173750      52.39724326       0.56915931 
  5       4.20564574      45.25633750      25.56985471       0.56915931 
  5       4.20564574     -23.23320000      73.77531851       0.56915931 
  5       4.20564574      -3.38817500      83.83558921       0.56915931 
  5       4.20564574     104.30738750      24.73149881       0.56915931 
  5       4.20564574       7.98641250       4.61095741       0.56915931 
  5       4.20564574      35.33382500      56.16984477       0.56915931 
  5       4.20564574      46.95042500      61.19998013       0.56915931 
  5       4.20564574     -45.98237500      82.99723332       0.56915931 
  5       4.20564574      14.27873750      90.96161429       0.56915931 
  5       4.20564574      53.24275000      87.18901278       0.56915931 
  5       4.20564574      89.06060000      31.01916800       0.56915931 
  5       4.20564574      68.00551250      18.86300757       0.56915931 
  5       4.20564574       4.35622500      49.46299764       0.56915931 
  5       4.20564574      16.69886250      44.01368434       0.56915931 
  5       4.20564574      42.83621250      43.17532845       0.56915931 
  5       4.20564574     -12.58465000      52.81642121       0.56915931 
  5       4.20564574       0.72603750      33.11505773       0.56915931 
  5       4.20564574     -14.76276250      39.82190488       0.56915931 
