 Pt           R                 X                Y               E
  2       2.79100264      86.15645000      58.68491245       1.12859649 
  2       2.79100264      43.80426250      66.64929342       1.12859649 
  2       2.73305264      57.84098750      48.20546380       1.12928328 
  2       2.79114648     -21.78112500      54.49313299       1.12859725 
  2       2.73305264      39.93206250      30.59999006       1.12928328 
  2       2.79114648      30.00955000      62.03833602       1.12859725 
  2       2.79114648      79.62211250       4.61095741       1.12859725 
  2       2.79100264      89.06060000       5.03013535       1.12859649 
  2       2.79114648     -34.84980000      64.55340369       1.12859725 
  2       2.79114648      74.29783750      61.61915807       1.12859725 
  2       2.73305264       7.50238750      73.35614056       1.12928328 
  2       2.78843079      53.48476250       5.44931330       1.12928439 
  2       2.79100264      67.76350000      41.91779461       1.12859649 
  2       2.79100264     -44.04627500     100.60270706       1.12859649 
  2       2.79100264      17.42490000      78.80545386       1.12859649 
  2       2.79114648      18.15093750      35.63012542       1.12859725 
  2       2.73305264      34.60778750       2.93424562       1.12928328 
  2       2.79100264     -37.75395000     103.95613063       1.12859649 
  2       2.78843079      48.64451250      12.15616043       1.12928439 
  2       2.79114648      59.05105000      73.77531851       1.12859725 
  2       2.78843079      62.43922500      57.00820067       1.12928439 
  2       2.78843079     -31.70363750      71.67942878       1.12928439 
  2       2.73305264       4.84025000      82.99723332       1.12928328 
  2       2.79100264      14.52075000       4.19177946       1.12859649 
  2       2.78843079      14.03672500      71.26025083       1.12928439 
  2       2.79100264      -4.11421250      37.30683720       1.12859649 
  2       2.79114648     -19.11898750      43.17532845       1.12859725 
  2       2.79100264      27.34741250      18.02465168       1.12859649 
  2       2.73305264      59.29306250      18.02465168       1.12928328 
  2       2.79100264       5.80830000      33.53423568       1.12859649 
  2       2.73305264      10.16452500      23.47396498       1.12928328 
  2       2.73305264      48.16048750      43.17532845       1.12928328 
  2       2.79100264     100.19317500       5.86849124       1.12859649 
  2       2.79114648      -3.38817500      79.64380975       1.12859725 
  2       2.79114648     -36.78590000      88.86572456       1.12859725 
  2       2.79114648      26.62137500      47.78628585       1.12859725 
  2       2.79100264      41.14212500      83.83558921       1.12859649 
  2       2.79100264      26.62137500      36.88765926       1.12859649 
  2       2.79114648      -4.59823750      72.51778467       1.12859725 
  2       2.79114648      -3.14616250      22.21643114       1.12859725 
  2       2.81726766      37.26992500      75.45203029       1.14117534 
  2       2.78843079     109.87367500      10.06027070       1.12928439 
  2       2.79114648      75.50790000      72.09860672       1.12859725 
  2       2.79114648      95.35292500      27.66574444       1.12859725 
  2       2.79100264      11.13257500      41.91779461       1.12859649 
  2       2.79114648      18.87697500      47.78628585       1.12859725 
  2       2.79114648      13.06867500      95.57257170       1.12859725 
  2       2.79114648     105.51745000      26.82738854       1.12859725 
  2       2.78843079      32.91370000      85.51230099       1.12928439 
  2       2.79100264      74.53985000      10.89862660       1.12859649 
  2       2.79100264      59.29306250      36.46848131       1.12859649 
  2       2.79114648      48.40250000      50.30135353       1.12859725 
  2       2.79100264      35.09181250      34.79176953       1.12859649 
  2       2.73305264      41.86816250      56.58902272       1.12928328 
  2       2.79114648     -14.52075000      78.80545386       1.12859725 
  2       2.79114648       0.96805000     100.60270706       1.12859725 
  2       2.78843079      -9.68050000      67.06847137       1.12928439 
  2       2.73305264      52.27470000      26.82738854       1.12928328 
  2       2.73305264     -37.99596250      73.35614056       1.12928328 
  2       2.79114648      71.63570000      82.15887743       1.12859725 
  2       2.79114648      37.99596250      16.34793989       1.12859725 
  2       2.78843079     -13.31068750      87.60819072       1.12928439 
  2       2.78843079      66.31142500      73.77531851       1.12928439 
  2       2.79100264      43.32023750       4.61095741       1.12859649 
  2       2.79114648      23.71722500      92.21914813       1.12859725 
  2       2.73305264      -5.80830000      30.18081211       1.12928328 
  2       2.78843079      71.63570000      30.18081211       1.12928439 
  2       2.79100264     -11.61660000      42.75615050       1.12859649 
  2       2.73305264      47.91847500      19.28218552       1.12928328 
  2       2.79114648     -17.66691250      34.79176953       1.12859725 
  2       2.78843079      24.20125000      25.15067676       1.12928439 
  2       2.79114648     -25.41131250      90.96161429       1.12859725 
  2       2.79100264      20.81307500       5.03013535       1.12859649 
  2       2.79114648      -4.84025000      10.06027070       1.12859725 
  2       2.73305264      -1.93610000      46.10957407       1.12928328 
  2       2.79114648      25.41131250     101.86024090       1.12859725 
  2       2.78843079       7.01836250      16.34793989       1.12928439 
  2       2.79100264      25.65332500      71.26025083       1.12859649 
  2       2.79100264      93.65883750      11.31780454       1.12859649 
  2       2.78843079      73.81381250      23.89314292       1.12928439 
  2       2.79100264      95.59493750      21.37807525       1.12859649 
  2       2.73305264      -1.45207500      57.84655656       1.12928328 
  2       2.73305264      58.08300000     102.27941884       1.12928328 
  2       2.79114648      39.20602500      24.31232087       1.12859725 
  2       2.79114648      25.41131250      84.25476716       1.12859725 
  2       2.79100264     -50.33860000      88.02736867       1.12859649 
  2       2.79114648      71.15167500      16.76711784       1.12859725 
  2       2.78843079      31.70363750      92.63832608       1.12928439 
  2       2.73305264      83.01028750      27.24656649       1.12928328 
  2       2.79100264      53.24275000      58.68491245       1.12859649 
  2       2.79100264     -19.11898750     100.18352911       1.12859649 
  2       2.79100264      -4.35622500      86.35065689       1.12859649 
  2       2.73305264      36.05986250      69.16436110       1.12928328 
  2       2.79114648      60.98715000      41.91779461       1.12859725 
  2       2.79114648      78.89607500      38.56437104       1.12859725 
  2       2.79100264      58.32501250      95.15339375       1.12859649 
  2       2.79100264      46.46640000      31.01916800       1.12859649 
  2       2.79100264      15.97282500      63.71504780       1.12859649 
  2       2.79114648      39.69005000      38.56437104       1.12859725 
  2       2.79114648      -9.19647500      54.49313299       1.12859725 
