 Pt           R                 X                Y               E
  7       4.74374118      51.54866250      50.72053148       0.18382938 
  7       4.63064528     -65.82740000     119.04653668       0.18419310 
  7       4.56976816       7.01836250      94.31503786       0.18386071 
  7       4.23757940      63.40727500     114.01640133       0.17781069 
  7       4.27667410     -14.52075000     108.98626598       0.16949534 
  7       4.56976816      39.93206250      42.33697256       0.18386071 
  7       4.98654557      59.29306250      62.45751396       0.18359426 
  7       4.50218286      35.57583750     119.46571463       0.18042367 
  7       4.22717566      64.13331250      32.27670184       0.18004505 
  7       4.74374118     -38.23797500     113.17804544       0.18382938 
  7       4.50218286      81.55821250      59.10409040       0.18042367 
  7       4.56780096     -34.36577500      97.24928349       0.17216772 
  7       4.56780096      85.18840000      78.80545386       0.17216772 
  7       4.39487018     -12.10062500      37.72601515       0.17937308 
  7       4.63064528     -38.72200000      82.99723332       0.18419310 
  7       4.50218286      11.61660000      11.73698249       0.18042367 
  7       4.27667410      37.26992500      94.73421581       0.16949534 
  7       4.63064528      -8.47043750      64.97258164       0.18419310 
  7       4.63064528      76.23393750       7.96438097       0.18419310 
  7       4.39487018      29.28351250      60.78080218       0.17937308 
  7       4.36580910      23.23320000      71.26025083       0.17866330 
  7       4.56780096     -13.55270000      82.15887743       0.17216772 
  7       4.22717566     107.69556250      47.36710791       0.18004505 
  7       4.50218286     124.87845000      31.85752390       0.18042367 
  7       4.74374118       1.45207500      67.06847137       0.18382938 
  7       4.74374118     113.26185000      75.45203029       0.18382938 
  7       4.23757940      93.65883750      34.79176953       0.17781069 
  7       4.39487018      50.09658750      70.00271699       0.17937308 
  7       4.98654557      12.34263750      59.10409040       0.18359426 
  7       4.27667410     126.08851250       7.96438097       0.16949534 
  7       4.74374118      -3.63018750      80.90134359       0.18382938 
  7       4.98654557     -26.86338750      79.22463180       0.18359426 
  7       4.23757940     143.27140000       1.67671178       0.17781069 
  7       4.27667410     117.86008750      64.13422575       0.16949534 
  7       4.63064528      94.86890000      20.95889730       0.18419310 
  7       4.56780096     118.82813750      47.36710791       0.17216772 
  7       4.22717566     -24.20125000     124.91502793       0.18004505 
  7       4.23757940      24.20125000      25.15067676       0.17781069 
  7       4.22717566      23.95923750      36.46848131       0.18004505 
  7       4.27667410      91.72273750      59.10409040       0.16949534 
  7       4.36580910      22.99118750     139.58625604       0.17866330 
  7       4.39487018     113.26185000      38.56437104       0.17937308 
  7       4.27667410      72.11972500      67.06847137       0.16949534 
  7       4.39487018     -18.39295000     140.84378988       0.17937308 
  7       4.74374118      39.93206250      21.37807525       0.18382938 
  7       4.56976816      37.26992500     104.79448652       0.18386071 
  7       4.39487018     102.37128750      71.67942878       0.17937308 
  7       4.56780096      64.13331250      93.47668197       0.17216772 
  7       4.56780096      93.65883750      48.20546380       0.17216772 
  7       4.27667410      -6.29232500      54.49313299       0.16949534 
  7       4.23757940       7.01836250      83.41641126       0.17781069 
  7       4.56976816      90.51267500     100.60270706       0.18386071 
  7       4.98654557       9.92251250     125.33420587       0.18359426 
  7       4.98654557     104.79141250      17.18629579       0.18359426 
  7       4.56976816      80.34815000      41.91779461       0.18386071 
  7       4.22717566      59.77708750      82.57805537       0.18004505 
  7       4.56780096      39.44803750     141.26296782       0.17216772 
  7       4.39487018     -16.21483750      92.63832608       0.17937308 
  7       4.39487018      -0.96805000     140.84378988       0.17937308 
  7       4.56780096      30.97760000      11.73698249       0.17216772 
  7       4.56976816     -18.39295000      46.10957407       0.18386071 
  7       4.50218286      68.48953750      14.67122811       0.18042367 
  7       4.74374118      21.53911250      81.73969948       0.18382938 
  7       4.56976816      93.65883750       7.12602508       0.18386071 
  7       4.27667410      71.39368750     104.37530857       0.16949534 
  7       4.56780096      12.10062500     138.32872220       0.17216772 
  7       4.27667410      49.37055000     109.82462187       0.16949534 
  7       4.36580910      95.83695000      91.38079224       0.17866330 
  7       4.23757940     -44.04627500     139.16707809       0.17781069 
  7       4.27667410     146.41756250      19.70136346       0.16949534 
  7       4.63064528      66.55343750     134.55612069       0.18419310 
  7       4.23757940      78.17003750     121.98078231       0.17781069 
  7       4.63064528     -26.37936250      63.29586986       0.18419310 
  7       4.27667410     125.36247500      20.95889730       0.16949534 
  7       4.39487018      36.78590000      74.61367440       0.17937308 
  7       4.39487018      15.97282500     114.85475722       0.17937308 
  7       4.56780096     -44.77231250     103.53695268       0.17216772 
  7       4.98654557      -5.80830000     102.27941884       0.18359426 
  7       4.23757940     115.92398750      12.99451633       0.17781069 
  7       4.63064528     -27.83143750      52.39724326       0.18419310 
  7       4.27667410      50.82262500       3.35342357       0.16949534 
  7       4.98654557     -14.52075000     121.56160436       0.18359426 
  7       4.63064528     159.00221250       1.25753384       0.18419310 
  7       4.98654557      77.20198750      25.56985471       0.18359426 
  7       4.98654557     -61.22916250     137.90954425       0.18359426 
  7       4.39487018     -37.26992500     124.91502793       0.17937308 
  7       4.56976816     -59.05105000     110.66297776       0.18386071 
  7       4.56976816     106.96952500      91.38079224       0.18386071 
  7       4.63064528      43.56225000      58.68491245       0.18419310 
  7       4.56976816     -23.95923750     101.86024090       0.18386071 
  7       4.39487018      13.79471250      25.56985471       0.17937308 
  7       4.36580910     139.88322500      29.34245622       0.17866330 
  7       4.22717566      49.37055000      93.89585991       0.18004505 
  7       4.63064528       9.68050000       0.00000000       0.18419310 
  7       4.27667410      47.91847500     134.97529863       0.16949534 
  7       4.39487018      -4.11421250     112.75886749       0.17937308 
  7       4.63064528      51.30665000      25.15067676       0.18419310 
  7       4.74374118      24.44326250     106.89037625       0.18382938 
  7       4.74374118      75.74991250      94.31503786       0.18382938 
  7       4.74374118      -0.48402500      38.56437104       0.18382938 
