 Pt           R                 X                Y               E
  3       2.98361137      29.76753750      76.70956413       0.94983639 
  3       2.98361137      21.29710000      63.71504780       0.94983639 
  3       2.98361137      84.70437500      15.09040606       0.94983639 
  3       2.98361137      76.71796250      59.94244629       0.94983639 
  3       2.97592016     101.64525000      18.44382962       0.95061838 
  3       2.97592016     -15.00477500      62.87669191       0.95061838 
  3       2.98361137     111.80977500       2.51506768       0.94983639 
  3       3.10320453       2.17811250      85.09312305       0.95054819 
  3       3.10320453     -24.20125000      78.80545386       0.95054819 
  3       2.97561209      12.34263750     101.02188501       0.95418000 
  3       2.98361137      73.08777500       4.19177946       0.94983639 
  3       2.97592016      46.95042500      41.07943872       0.95061838 
  3       3.10320453      21.78112500      13.41369427       0.95054819 
  3       2.97561209      95.59493750      25.56985471       0.95418000 
  3       2.97592016      -6.29232500      21.79725319       0.95061838 
  3       3.10320453     -19.11898750      34.79176953       0.95054819 
  3       2.98361137      62.19721250      71.67942878       0.94983639 
  3       3.10320453      10.89056250      34.79176953       0.95054819 
  3       2.98361137     -50.33860000      88.86572456       0.94983639 
  3       3.10320453      52.03268750      25.56985471       0.95054819 
  3       2.98702001     -18.63496250      42.33697256       0.95970682 
  3       2.97561209      13.55270000      83.83558921       0.95418000 
  3       2.98361137     -39.20602500      83.83558921       0.94983639 
  3       2.98361137      32.18766250      25.56985471       0.94983639 
  3       2.97592016      45.74036250      99.34517322       0.95061838 
  3       2.97440047      74.05582500      33.53423568       0.95417737 
  3       2.97592016      90.02865000      28.50410033       0.95061838 
  3       2.97592016     -18.87697500     102.27941884       0.95061838 
  3       2.98361137      48.40250000      71.26025083       0.94983639 
  3       2.97561209      26.62137500       0.00000000       0.95418000 
  3       2.97042544     -24.44326250      68.32600521       0.95472066 
  3       2.98361137      44.04627500      66.23011548       0.94983639 
  3       2.98361137       7.01836250      59.10409040       0.94983639 
  3       3.10320453      65.82740000      28.50410033       0.95054819 
  3       2.97440047      52.75872500       5.86849124       0.95417737 
  3       2.97042544      42.83621250      54.91231094       0.95472066 
  3       3.10320453      15.48880000      73.77531851       0.95054819 
  3       3.10320453      31.70363750      90.12325840       0.95054819 
  3       3.10320453      65.34337500      51.97806531       0.95054819 
  3       2.97440047      65.34337500      42.75615050       0.95417737 
  3       3.10320453       7.98641250      20.53971935       0.95054819 
  3       2.98361137     109.87367500      16.76711784       0.94983639 
  3       2.97592016      34.36577500      49.46299764       0.95061838 
  3       3.10320453      17.90892500      31.01916800       0.95054819 
  3       2.97440047     -28.79948750      88.44654662       0.95417737 
  3       2.97592016      77.20198750      42.33697256       0.95061838 
  3       3.10320453      45.25633750      90.12325840       0.95054819 
  3       3.10320453      32.42967500      68.74518315       0.95054819 
  3       2.98361137      56.63092500      17.60547373       0.94983639 
  3       2.98361137      70.18362500      63.71504780       0.94983639 
  3       2.98361137      37.02791250      18.86300757       0.94983639 
  3       2.97592016      94.86890000       0.00000000       0.95061838 
  3       3.10320453      58.32501250      81.73969948       0.95054819 
  3       2.97592016     -41.14212500     104.79448652       0.95061838 
  3       2.98361137      66.55343750       2.93424562       0.94983639 
  3       2.98361137      91.23871250      11.31780454       0.94983639 
  3       2.97440047      10.89056250      90.12325840       0.95417737 
  3       2.98361137      43.56225000      33.53423569       0.94983639 
  3       2.98361137      -6.29232500      40.24108283       0.94983639 
  3       2.98361137      53.72677500      52.81642121       0.94983639 
  3       2.97592016      75.02387500      15.92876195       0.95061838 
  3       2.98361137      91.23871250      51.55888737       0.94983639 
  3       2.98361137      35.09181250      81.73969948       0.94983639 
  3       3.10320453      -4.84025000      33.53423568       0.95054819 
  3       3.10320453      55.17885000      34.37259158       0.95054819 
  3       2.97440047     -40.65810000      96.41092759       0.95417737 
  3       2.97592016      23.95923750      71.67942878       0.95061838 
  3       2.97592016      80.59016250       5.44931330       0.95061838 
  3       2.97561209     -45.74036250      79.22463180       0.95418000 
  3       3.10320453       2.66213750      28.92327827       0.95054819 
  3       2.97042544      13.31068750      23.89314292       0.95472066 
  3       2.98361137      36.05986250       9.64109276       0.94983639 
  3       2.98361137      14.52075000      55.33148888       0.94983639 
  3       3.10320453      13.31068750       9.64109276       0.95054819 
  3       3.10320453       0.96805000      61.19998013       0.95054819 
  3       2.98361137      -6.53433750      97.66846144       0.94983639 
  3       3.10320453      -3.38817500      47.78628585       0.95054819 
  3       3.10320453       6.53433750      77.54792002       0.95054819 
  3       2.97042544      28.07345000      60.36162423       0.95472066 
  3       2.97592016      93.17481250      34.79176953       0.95061838 
  3       2.97592016      64.85935000      83.83558921       0.95061838 
  3       2.98361137      12.34263750      64.97258164       0.94983639 
  3       2.97592016      28.79948750      33.95341364       0.95061838 
  3       2.97440047     -34.60778750      59.94244629       0.95417737 
  3       2.98361137      24.44326250      46.52875202       0.94983639 
  3       2.98361137      18.87697500      95.57257170       0.94983639 
  3       2.98361137      12.10062500       2.51506768       0.94983639 
  3       2.98361137      55.90488750     101.86024090       0.94983639 
  3       2.98361137      52.75872500      86.35065689       0.94983639 
  3       3.10320453      73.08777500      25.15067676       0.95054819 
  3       2.98361137      29.04150000      98.08763938       0.94983639 
  3       3.10320453      23.23320000     100.60270706       0.95054819 
  3       3.10320453      45.25633750       4.61095741       0.95054819 
  3       2.97592016     103.58135000       5.03013535       0.95061838 
  3       2.98361137      60.26111250       4.61095741       0.94983639 
  3       3.10320453      -0.48402500      76.29038618       0.95054819 
  3       3.10320453     -13.31068750      84.25476716       0.95054819 
  3       2.98361137      -4.59823750      81.73969948       0.94983639 
  3       3.13507762      83.49431250      23.89314292       0.96177741 
  3       2.98361137      72.36173750      50.72053148       0.94983639 
