 Pt           R                 X                Y               E
  2       2.73305264      70.18362500      67.06847137       1.12928328 
  2       2.78843079      95.11091250      41.49861666       1.12928439 
  2       2.78843079     108.90562500      12.57533838       1.12928439 
  2       2.78843079      64.13331250      68.32600521       1.12928439 
  2       2.79100264      10.64855000      66.23011548       1.12859649 
  2       2.78843079      59.29306250      48.20546380       1.12928439 
  2       2.79114648      45.74036250      77.54792002       1.12859725 
  2       2.79114648      52.51671250      84.25476716       1.12859725 
  2       2.78843079      30.73558750     100.18352911       1.12928439 
  2       2.79114648     -27.10540000      80.48216564       1.12859725 
  2       2.79114648      79.38010000      21.79725319       1.12859725 
  2       2.79114648      44.77231250      28.08492238       1.12859725 
  2       2.79114648      50.33860000      12.57533838       1.12859725 
  2       2.79100264      70.42563750      28.92327827       1.12859649 
  2       2.79114648     -36.54388750      69.16436110       1.12859725 
  2       2.79100264      37.51193750      28.92327827       1.12859649 
  2       2.78843079      11.37458750     104.37530857       1.12928439 
  2       2.79100264      93.17481250      21.37807525       1.12859649 
  2       2.78843079      30.00955000      81.32052153       1.12928439 
  2       2.73305264     -28.55747500      65.39175959       1.12928328 
  2       2.78843079      39.44803750      84.25476716       1.12928439 
  2       2.79100264      -7.26037500      51.97806531       1.12859649 
  2       2.79100264      90.51267500      37.72601515       1.12859649 
  2       2.79100264      18.15093750      26.40821060       1.12859649 
  2       2.73305264      24.92728750      28.08492238       1.12928328 
  2       2.73305264      -9.92251250      99.34517322       1.12928328 
  2       2.73305264       3.14616250      95.99174964       1.12928328 
  2       2.78843079      16.21483750       5.44931330       1.12928439 
  2       2.79114648      45.49835000      92.21914813       1.12859725 
  2       2.78843079       3.63018750      19.70136346       1.12928439 
  2       2.79231593      77.44400000       3.35342357       1.14181141 
  2       2.78843079     -14.52075000      92.21914813       1.12928439 
  2       2.79114648     -10.40653750      42.33697256       1.12859725 
  2       2.79114648      20.32905000      20.95889730       1.12859725 
  2       2.73305264      86.88248750      29.76163417       1.12928328 
  2       2.73305264     -20.57106250     100.18352911       1.12928328 
  2       2.79100264      73.32978750      58.26573450       1.12859649 
  2       2.79114648      20.81307500      73.77531851       1.12859725 
  2       2.78843079      79.62211250      13.83287222       1.12928439 
  2       2.79114648      71.39368750      47.36710791       1.12859725 
  2       2.79114648     101.64525000      25.15067676       1.12859725 
  2       2.79100264     -33.39772500      88.02736867       1.12859649 
  2       2.78843079      75.02387500      39.40272693       1.12928439 
  2       2.79100264      53.48476250       2.93424562       1.12859649 
  2       2.79114648      50.58061250      61.61915807       1.12859725 
  2       2.78843079     -43.56225000     100.60270706       1.12928439 
  2       2.73305264      34.84980000      57.00820067       1.12928328 
  2       2.79100264      64.61733750      30.59999006       1.12859649 
  2       2.78843079     -37.51193750     102.69859679       1.12928439 
  2       2.73305264      21.05508750     103.53695268       1.12928328 
  2       2.79100264      53.72677500      41.07943872       1.12859649 
  2       2.73305264      -2.17811250      80.06298770       1.12928328 
  2       2.73305264      48.16048750      55.75066683       1.12928328 
  2       2.79100264      -6.29232500      94.73421581       1.12859649 
  2       2.79114648      49.61256250      24.73149881       1.12859725 
  2       2.79114648      15.00477500      92.21914813       1.12859725 
  2       2.79100264      24.44326250      90.96161429       1.12859649 
  2       2.79114648      34.84980000      71.26025083       1.12859725 
  2       2.79100264      93.41682500      13.41369427       1.12859649 
  2       2.79114648      23.23320000      83.83558921       1.12859725 
  2       2.79100264       4.35622500      51.13970942       1.12859649 
  2       2.73305264     -48.40250000      86.35065689       1.12928328 
  2       2.78843079      65.10136250      38.14519310       1.12928439 
  2       2.79114648      25.16930000      48.62464175       1.12859725 
  2       2.81726766      11.61660000      43.59450639       1.14117534 
  2       2.79100264     -17.18288750      45.69039612       1.12859649 
  2       2.79100264       2.66213750      85.93147894       1.12859649 
  2       2.79114648      73.81381250      23.05478703       1.12859725 
  2       2.79114648      26.86338750      65.81093753       1.12859725 
  2       2.79114648      88.33456250      44.85204023       1.12859725 
  2       2.73305264     -17.18288750      80.06298770       1.12928328 
  2       2.79100264     109.14763750       6.28766919       1.12859649 
  2       2.79114648      15.73081250      38.14519310       1.12859725 
  2       2.79100264      25.41131250      18.02465168       1.12859649 
  2       2.73305264       0.24201250      27.24656649       1.12928328 
  2       2.78843079      33.39772500      12.57533838       1.12928439 
  2       2.79100264     -11.13257500      58.68491245       1.12859649 
  2       2.73305264     -35.57583750      82.57805537       1.12928328 
  2       2.79114648       2.42012500      13.41369427       1.12859725 
  2       2.79114648      58.80903750      18.02465168       1.12859725 
  2       2.79100264     -19.11898750      36.46848131       1.12859649 
  2       2.79100264     -27.58942500      58.68491245       1.12859649 
  2       2.78843079      67.52148750      23.05478703       1.12928439 
  2       2.79100264      26.86338750      38.14519310       1.12859649 
  2       2.78843079      45.74036250       0.41917795       1.12928439 
  2       2.79114648       1.45207500      58.68491245       1.12859725 
  2       2.79100264      43.80426250      69.16436110       1.12859649 
  2       2.79100264      80.59016250      57.42737861       1.12859649 
  2       2.79114648      60.01910000      96.41092760       1.12859725 
  2       2.79100264      37.99596250      64.13422575       1.12859649 
  2       2.79100264      56.87293750      33.95341364       1.12859649 
  2       2.78843079      63.40727500      14.25205016       1.12928439 
  2       2.73305264     -10.89056250      19.70136346       1.12928328 
  2       2.78843079      71.63570000      77.12874207       1.12928439 
  2       2.79100264      93.90085000       2.51506768       1.12859649 
  2       2.79100264      41.14212500     103.11777474       1.12859649 
  2       2.78843079      11.13257500      32.69587979       1.12928439 
  2       2.73305264      -1.69408750      71.67942878       1.12928328 
  2       2.73305264      56.38891250      70.00271699       1.12928328 
  2       2.78843079     -24.68527500      69.58353905       1.12928439 
