 Pt           R                 X                Y               E
  6       4.28919697      27.10540000      31.01916800       0.37688221 
  6       4.28919697      61.47117500     100.60270706       0.37688221 
  6       4.28919697     -22.26515000      48.62464175       0.37688221 
  6       4.28919697      22.74917500      86.35065689       0.37688221 
  6       4.28919697      44.04627500      71.26025083       0.37688221 
  6       4.28919697     -29.28351250     101.86024090       0.37688221 
  6       4.28919697      51.54866250      36.46848131       0.37688221 
  6       4.28919697      35.57583750      17.18629579       0.37688221 
  6       4.28919697      41.62615000      10.06027070       0.37688221 
  6       4.28919697      15.97282500      18.44382962       0.37688221 
  6       4.28919697      -5.08226250      59.10409040       0.37688221 
  6       4.28919697       2.66213750      99.34517322       0.37688221 
  6       4.28919697       5.56628750      47.36710791       0.37688221 
  6       4.28919697      78.89607500      48.62464175       0.37688221 
  6       4.28919697      56.87293750      56.58902272       0.37688221 
  6       4.28919697     -15.73081250      85.93147894       0.37688221 
  6       4.28919697      98.49908750      36.46848131       0.37688221 
  6       4.28919697       8.95446250      80.06298770       0.37688221 
  6       4.14839347      87.36651250      45.69039612       0.38046857 
  6       4.28919697     -34.84980000      67.06847137       0.37688221 
  6       4.28919697      24.20125000      67.90682726       0.37688221 
  6       4.28919697       4.59823750      90.12325840       0.37688221 
  6       4.14839347      69.94161250      88.44654662       0.38046857 
  6       4.14839347       7.74440000      10.06027070       0.38046857 
  6       4.28919697      -7.98641250      72.51778467       0.37688221 
  6       4.28919697      58.80903750      44.01368434       0.37688221 
  6       4.28919697     115.68197500       1.67671178       0.37688221 
  6       4.14839347      63.89130000      30.18081211       0.38046857 
  6       4.28919697      18.15093750       2.09588973       0.37688221 
  6       4.14839347      26.13735000     102.27941884       0.38046857 
  6       4.28919697      36.30187500      50.30135353       0.37688221 
  6       4.14839347     -27.83143750      80.90134359       0.38046857 
  6       4.18055781      78.17003750      33.95341364       0.38931809 
  6       4.28919697       1.21006250      75.03285234       0.37688221 
  6       4.28919697      39.93206250      24.73149881       0.37688221 
  6       4.14839347      75.99192500       5.86849124       0.38046857 
  6       4.28919697      93.90085000      16.76711784       0.37688221 
  6       4.14839347      54.45281250      72.51778467       0.38046857 
  6       4.14839347      42.83621250      98.50681733       0.38046857 
  6       4.28919697      61.47117500      12.57533838       0.37688221 
  6       4.14839347     -41.62615000      91.38079224       0.38046857 
  6       4.28919697     103.09732500       4.19177946       0.37688221 
  6       4.28919697      94.38487500       4.19177946       0.37688221 
  6       4.28919697      45.98237500      58.68491245       0.37688221 
  6       4.28919697      37.26992500      85.51230099       0.37688221 
  6       4.14839347      28.07345000      10.89862660       0.38046857 
  6       4.28919697      67.27947500      62.87669191       0.37688221 
  6       4.28919697      14.27873750      59.94244629       0.37688221 
  6       4.28919697     -29.52552500      56.16984477       0.37688221 
  6       4.28919697      78.89607500      60.36162423       0.37688221 
  6       4.28919697      34.60778750      39.82190488       0.37688221 
  6       4.28919697      45.01432500      81.32052153       0.37688221 
  6       4.28919697      15.24678750     100.18352911       0.37688221 
  6       4.14839347      -2.42012500      20.95889730       0.38046857 
  6       4.28919697     -12.10062500      22.63560908       0.37688221 
  6       4.28919697     -18.15093750      71.67942878       0.37688221 
  6       4.28919697      35.33382500      65.39175959       0.37688221 
  6       4.28919697      90.02865000      26.82738854       0.37688221 
  6       4.14839347      11.37458750      38.98354899       0.38046857 
  6       4.28919697      51.06463750      95.99174964       0.37688221 
  6       4.28919697      17.90892500      74.61367440       0.37688221 
  6       4.28919697      60.26111250      80.06298770       0.37688221 
  6       4.28919697     -20.32905000      96.41092760       0.37688221 
  6       4.28919697      53.00073750      17.18629579       0.37688221 
  6       4.14839347      31.21961250      93.47668197       0.38046857 
  6       4.28919697     -50.82262500     104.79448652       0.37688221 
  6       4.28919697     -17.42490000     104.79448652       0.37688221 
  6       4.28919697     -42.83621250      82.57805537       0.37688221 
  6       4.28919697     -15.73081250      55.75066683       0.37688221 
  6       4.28919697       3.14616250      35.63012542       0.37688221 
  6       4.28919697      69.69960000      54.49313299       0.37688221 
  6       4.28919697      -4.35622500      30.18081211       0.37688221 
  6       4.14839347      51.79067500       2.51506768       0.38046857 
  6       4.28919697      86.15645000       6.70684714       0.37688221 
  6       4.28919697       8.95446250      27.24656649       0.37688221 
  6       4.14839347      -7.98641250      95.99174964       0.38046857 
  6       4.28919697      -8.47043750      41.49861666       0.37688221 
  6       4.28919697      73.81381250      14.67122811       0.37688221 
  6       4.14839347      83.49431250      18.02465168       0.38046857 
  6       4.28919697      18.39295000      49.46299764       0.37688221 
  6       4.28919697      68.00551250      40.66026077       0.37688221 
  6       4.28919697       6.29232500      63.71504780       0.37688221 
  6       4.28919697      72.36173750      70.84107288       0.37688221 
  6       4.28919697      18.39295000      31.01916800       0.37688221 
  6       4.18055781      74.53985000      25.15067676       0.38931809 
  6       4.28919697      89.78663750      36.46848131       0.37688221 
  6       4.28919697     111.80977500      13.41369427       0.37688221 
  6       4.28919697      27.34741250      53.23559915       0.37688221 
  6       4.28919697      29.52552500      75.45203029       0.37688221 
  6       4.28919697      45.01432500      43.59450639       0.37688221 
  6       4.28919697      24.20125000      40.24108283       0.37688221 
  6       4.14839347      14.76276250      90.12325840       0.38046857 
  6       4.28919697     -23.23320000      62.87669191       0.37688221 
  6       4.28919697      49.37055000      25.15067676       0.37688221 
  6       4.28919697     -27.34741250      71.67942878       0.37688221 
  6       4.28919697      55.66287500      88.02736867       0.37688221 
  6       4.28919697      41.86816250      34.79176953       0.37688221 
  6       4.14839347     100.19317500      26.82738854       0.38046857 
  6       4.28919697      -3.14616250      50.72053148       0.37688221 
  6       4.28919697      -4.35622500      84.67394510       0.37688221 
