 Pt           R                 X                Y               E
  6       4.28919697      58.32501250      43.17532845       0.37688221 
  6       4.14839347     -38.72200000      99.76435117       0.38046857 
  6       4.28919697     -12.58465000      70.42189494       0.37688221 
  6       4.28919697      50.58061250      12.15616043       0.37688221 
  6       4.28919697     -22.50716250      49.04381969       0.37688221 
  6       4.14839347     -38.72200000      71.26025083       0.38046857 
  6       4.28919697      13.79471250      55.75066683       0.37688221 
  6       4.28919697      75.99192500      41.07943872       0.37688221 
  6       4.14839347      51.79067500      91.38079224       0.38046857 
  6       4.28919697      58.08300000      77.96709797       0.37688221 
  6       4.28919697      44.28828750      56.58902272       0.37688221 
  6       4.28919697     -19.84502500      84.67394510       0.37688221 
  6       4.28919697      86.64047500      44.43286229       0.37688221 
  6       4.28919697      -4.59823750     101.02188501       0.37688221 
  6       4.28919697      52.27470000      33.53423568       0.37688221 
  6       4.28919697      41.38413750       3.77260151       0.37688221 
  6       4.28919697      15.73081250       2.93424562       0.37688221 
  6       4.14839347      56.63092500      66.23011548       0.38046857 
  6       4.28919697      49.37055000      49.46299764       0.37688221 
  6       4.28919697      34.60778750      64.97258164       0.37688221 
  6       4.28919697      95.83695000      35.21094747       0.37688221 
  6       4.28919697      38.47998750      24.73149881       0.37688221 
  6       4.28919697      83.25230000       0.00000000       0.37688221 
  6       4.28919697     112.29380000       2.51506768       0.37688221 
  6       4.28919697     -33.39772500      79.64380975       0.37688221 
  6       4.28919697      42.35218750      88.44654662       0.37688221 
  6       4.28919697     -27.10540000      62.87669191       0.37688221 
  6       4.28919697      63.16526250      34.79176953       0.37688221 
  6       4.14839347      33.88175000      90.54243635       0.38046857 
  6       4.14839347      62.68123750      59.10409040       0.38046857 
  6       4.14839347      21.53911250      32.27670184       0.38046857 
  6       4.14839347      71.87771250      72.51778467       0.38046857 
  6       4.28919697      15.48880000      87.18901278       0.37688221 
  6       4.14839347       7.26037500      46.10957407       0.38046857 
  6       4.28919697      88.33456250      14.67122811       0.37688221 
  6       4.28919697      86.39846250      26.40821060       0.37688221 
  6       4.28919697      13.31068750      65.81093753       0.37688221 
  6       4.14839347     -49.61256250      85.93147894       0.38046857 
  6       4.28919697      37.51193750      36.46848131       0.37688221 
  6       4.28919697      68.97356250      28.08492238       0.37688221 
  6       4.28919697      27.83143750      77.54792002       0.37688221 
  6       4.28919697      23.23320000      68.74518315       0.37688221 
  6       4.28919697       7.01836250     100.18352911       0.37688221 
  6       4.28919697       9.92251250      16.34793989       0.37688221 
  6       4.28919697      22.26515000      43.59450639       0.37688221 
  6       4.14839347      -5.08226250      41.49861666       0.38046857 
  6       4.28919697      26.37936250      18.86300757       0.37688221 
  6       4.14839347      61.47117500      19.28218552       0.38046857 
  6       4.14839347      -6.05031250      77.54792002       0.38046857 
  6       4.28919697      -2.90415000      20.95889730       0.37688221 
  6       4.28919697       5.32427500      37.72601515       0.37688221 
  6       4.28919697      -1.45207500      91.38079224       0.37688221 
  6       4.28919697      76.95997500       9.22191481       0.37688221 
  6       4.28919697     -15.73081250      41.49861666       0.37688221 
  6       4.28919697      43.56225000      42.75615050       0.37688221 
  6       4.28919697     106.24348750       8.80273687       0.37688221 
  6       4.14839347      -6.29232500      51.97806531       0.38046857 
  6       4.28919697      40.17407500     101.44106295       0.37688221 
  6       4.14839347     -22.26515000      96.41092759       0.38046857 
  6       4.14839347      10.40653750      25.56985471       0.38046857 
  6       4.28919697      96.32097500      22.63560908       0.37688221 
  6       4.28919697     -31.46162500      90.54243635       0.37688221 
  6       4.28919697      43.07822500      67.90682726       0.37688221 
  6       4.28919697      80.34815000      58.68491245       0.37688221 
  6       4.28919697      23.95923750       9.64109276       0.37688221 
  6       4.28919697     -16.69886250      57.42737861       0.37688221 
  6       4.28919697      -5.80830000      63.71504780       0.37688221 
  6       4.28919697      -7.01836250      32.27670184       0.37688221 
  6       4.14839347      15.97282500      77.96709797       0.38046857 
  6       4.28919697      23.23320000      54.49313299       0.37688221 
  6       4.14839347      -0.72603750       9.64109276       0.38046857 
  6       4.28919697      19.36100000      96.41092759       0.37688221 
  6       4.28919697      87.60852500      53.65477710       0.37688221 
  6       4.14839347      63.89130000       3.35342357       0.38046857 
  6       4.28919697      46.46640000      77.96709797       0.37688221 
  6       4.28919697      92.44877500       5.86849124       0.37688221 
  6       4.28919697      37.26992500      12.57533838       0.37688221 
  6       4.28919697       6.77635000      86.35065689       0.37688221 
  6       4.28919697      72.11972500      50.30135353       0.37688221 
  6       4.28919697     -56.87293750     103.53695268       0.37688221 
  6       4.28919697       5.32427500      69.58353905       0.37688221 
  6       4.14839347     -25.16930000      76.29038618       0.38046857 
  6       4.28919697      68.00551250      12.99451633       0.37688221 
  6       4.28919697      75.99192500      18.44382962       0.37688221 
  6       4.28919697      36.54388750      49.04381969       0.37688221 
  6       4.28919697       2.66213750      55.75066683       0.37688221 
  6       4.28919697     -30.73558750     103.53695268       0.37688221 
  6       4.28919697      61.22916250      87.60819072       0.37688221 
  6       4.28919697      99.95116250      14.67122811       0.37688221 
  6       4.28919697     102.37128750      28.92327827       0.37688221 
  6       4.28919697      25.41131250      85.93147894       0.37688221 
  6       4.28919697     -13.55270000      92.21914813       0.37688221 
  6       4.28919697      29.76753750      27.24656649       0.37688221 
  6       4.28919697      71.39368750      59.94244629       0.37688221 
  6       4.14839347      28.79948750      37.30683720       0.38046857 
  6       4.14839347     108.66361250      17.18629579       0.38046857 
  6       4.28919697      44.77231250      18.86300757       0.37688221 
  6       4.28919697     -39.93206250      88.44654662       0.37688221 
  6       4.28919697      29.52552500      98.92599528       0.37688221 
  6       4.28919697     -13.55270000     101.44106295       0.37688221 
