 Pt           R                 X                Y               E
  1       1.75000000      -6.05031250      34.79176953       1.29749309 
  1       1.75000000      42.83621250       2.09588973       1.29182750 
  1       1.75000000      25.41131250      40.66026077       1.30517430 
  1       1.75000000      12.58465000      52.81642121       1.31297681 
  1       1.75000000     -29.28351250      50.72053148       1.31940111 
  1       1.75000000      19.36100000      25.15067676       1.33290016 
  1       1.75000000      31.21961250      33.95341364       1.30650133 
  1       1.75000000      35.33382500      26.82738854       1.31301745 
  1       1.75000000      16.94087500      46.10957407       1.33624260 
  1       1.75000000      41.14212500      23.47396498       1.32022450 
  1       1.75000000      -6.77635000      14.25205016       1.30520829 
  1       1.75000000      29.76753750      28.92327827       1.31024952 
  1       1.75000000      45.49835000      11.73698249       1.29785798 
  1       1.75000000     -19.11898750      45.69039612       1.30216863 
  1       1.75000000     -21.29710000      36.88765926       1.31457414 
  1       1.75000000      30.25156250      10.47944865       1.29878755 
  1       1.75000000       0.00000000      50.30135353       1.33624260 
  1       1.75000000       0.48402500      42.75615050       1.31305339 
  1       1.75000000      -4.59823750      42.33697256       1.32441539 
  1       1.75000000      13.79471250       9.64109276       1.28707136 
  1       1.75000000      -2.90415000      46.10957407       1.32281779 
  1       1.75000000     -10.40653750      39.82190488       1.30650230 
  1       1.75000000      12.34263750      47.36710791       1.30915777 
  1       1.75000000      51.54866250       0.41917795       1.31612513 
  1       1.75000000      44.28828750      18.86300757       1.30255261 
  1       1.75000000      31.21961250      44.01368434       1.31526974 
  1       1.75000000      -0.24201250       2.93424562       1.32376532 
  1       1.75000000      51.30665000      14.25205016       1.30520829 
  1       1.75000000      39.20602500      17.60547373       1.31305339 
  1       1.75000000       9.43848750      40.66026077       1.29479982 
  1       1.75000000     -22.99118750      43.17532845       1.31288815 
  1       1.75000000      41.62615000      12.57533838       1.31913273 
  1       1.75000000      22.99118750      50.72053148       1.30519280 
  1       1.75000000     -14.76276250      25.56985471       1.31940111 
  1       1.75000000      29.52552500      15.92876195       1.31296900 
  1       1.75000000       7.98641250      44.85204023       1.30866793 
  1       1.75000000      47.43445000      15.09040606       1.28844370 
  1       1.75000000      -1.21006250      17.18629579       1.30519280 
  1       1.75000000      13.31068750      43.17532845       1.29749309 
  1       1.75000000      24.92728750      27.24656649       1.30255261 
  1       1.75000000      37.75395000      40.24108283       1.28844370 
  1       1.75000000      37.26992500       0.83835589       1.30896297 
  1       1.75000000       6.53433750      14.67122811       1.29182750 
  1       1.75000000       1.45207500      31.85752390       1.30255576 
  1       1.75000000      46.46640000       3.35342357       1.31457414 
  1       1.75000000      54.45281250       4.61095741       1.30519280 
  1       1.75000000      39.93206250      28.08492238       1.29026757 
  1       1.75000000      41.14212500       8.38355892       1.29865535 
  1       1.75000000       9.43848750       1.25753384       1.29874893 
  1       1.75000000      43.56225000      33.53423568       1.33624518 
  1       1.75000000      24.44326250      14.67122811       1.32045605 
  1       1.75000000      11.37458750       5.44931330       1.28707456 
  1       1.75000000       3.38817500      38.56437104       1.30502964 
  1       1.75000000      34.12376250      40.66026077       1.30490447 
  1       1.75000000      33.88175000      17.60547373       1.31359510 
  1       1.75000000      -4.11421250      28.92327827       1.31024952 
  1       1.75000000      14.03672500      30.18081211       1.31527398 
  1       1.75000000      -0.72603750      37.30683720       1.29016930 
  1       1.75000000     -16.69886250      54.07395504       1.31987046 
  1       1.75000000      -2.66213750      23.05478703       1.30429739 
  1       1.75000000      19.11898750      49.88217558       1.31863385 
  1       1.75000000      29.52552500      21.79725319       1.31636399 
  1       1.75000000      22.99118750      35.63012542       1.29916364 
  1       1.75000000      53.00073750       7.96438097       1.31863385 
  1       1.75000000     -19.36100000      41.91779461       1.33624260 
  1       1.75000000      -5.56628750      10.47944865       1.29182750 
  1       1.75000000       7.01836250      20.53971935       1.31863385 
  1       1.75000000      28.31546250      53.23559915       1.31251228 
  1       1.75000000      37.26992500       5.86849124       1.31170195 
  1       1.75000000      17.90892500      14.25205016       1.31170195 
  1       1.75000000       3.38817500      22.63560908       1.31170195 
  1       1.75000000      17.18288750       7.96438097       1.30216863 
  1       1.75000000      39.93206250      32.27670184       1.30517430 
  1       1.75000000     -13.31068750      29.76163417       1.30519280 
  1       1.75000000      -4.84025000      50.30135353       1.33624518 
  1       1.75000000      58.08300000       5.86849124       1.31746675 
  1       1.75000000      18.39295000      41.91779461       1.31267578 
  1       1.75000000      13.79471250      37.30683720       1.29016930 
  1       1.75000000       7.98641250       7.12602508       1.30504089 
  1       1.75000000     -15.73081250      36.46848131       1.30517430 
  1       1.75000000       5.08226250      51.55888737       1.30915777 
  1       1.75000000      21.78112500       5.03013535       1.31359510 
  1       1.75000000     -13.55270000      51.13970942       1.30502964 
  1       1.75000000       0.00000000      54.49313299       1.29865535 
  1       1.75000000      18.15093750      19.70136346       1.30517430 
  1       1.75000000       4.11421250      10.47944865       1.29182750 
  1       1.75000000      26.62137500      32.69587979       1.30990876 
  1       1.75000000     -22.50716250      50.72053148       1.29693382 
  1       1.75000000      -9.19647500      48.62464175       1.31297681 
  1       1.75000000      24.92728750      22.21643114       1.31547025 
  1       1.75000000     -10.64855000      21.79725319       1.31001193 
  1       1.75000000       9.92251250      23.89314292       1.30490447 
  1       1.75000000      15.48880000      50.30135353       1.29827715 
  1       1.75000000       7.01836250      35.63012542       1.31526974 
  1       1.75000000     -26.37936250      53.23559915       1.30490447 
  1       1.75000000      17.90892500      33.53423568       1.30872012 
  1       1.75000000      24.20125000       0.83835589       1.31359510 
  1       1.75000000      22.74917500      45.27121818       1.30913069 
  1       1.75000000      14.03672500      24.31232087       1.29785798 
  1       1.75000000      35.81785000      13.41369427       1.29768156 
