 Pt           R                 X                Y               E
  3       2.98361137     -24.68527500      71.26025083       0.94983639 
  3       2.98361137      71.63570000      19.28218552       0.94983639 
  3       2.98361137      -2.42012500      12.57533838       0.94983639 
  3       2.98361137     -27.10540000      88.86572456       0.94983639 
  3       2.98361137     -36.30187500      92.21914813       0.94983639 
  3       2.98361137      77.20198750      26.40821060       0.94983639 
  3       2.98361137      35.09181250     101.86024090       0.94983639 
  3       2.98361137      10.16452500      49.46299764       0.94983639 
  3       2.98361137      68.00551250      88.44654662       0.94983639 
  3       2.98361137      49.85457500      20.95889730       0.94983639 
  3       2.98361137       0.00000000      94.73421581       0.94983639 
  3       2.98361137      40.17407500      55.33148888       0.94983639 
  3       2.98361137      15.00477500      44.43286229       0.94983639 
  3       2.98361137       9.19647500      25.15067676       0.94983639 
  3       2.98361137      -5.08226250      37.30683720       0.94983639 
  3       2.98361137      39.20602500       6.70684714       0.94983639 
  3       2.98361137      10.89056250      76.70956413       0.94983639 
  3       2.98361137       2.66213750      23.05478703       0.94983639 
  3       2.98361137     -44.04627500      86.35065689       0.94983639 
  3       2.98361137      71.87771250      60.78080218       0.94983639 
  3       2.98361137      65.58538750      54.91231094       0.94983639 
  3       2.98361137      45.49835000      15.92876195       0.94983639 
  3       2.98361137     -16.94087500     100.60270706       0.94983639 
  3       2.98361137     -48.40250000     104.79448652       0.94983639 
  3       2.98361137       4.35622500      79.64380975       0.94983639 
  3       2.98361137      23.23320000       0.00000000       0.94983639 
  3       2.98361137     -14.03672500      42.75615050       0.94983639 
  3       2.98361137      68.00551250      27.24656649       0.94983639 
  3       2.98361137       4.35622500      86.35065689       0.94983639 
  3       2.98361137     -39.44803750      77.54792002       0.94983639 
  3       2.98361137     -29.28351250      51.55888737       0.94983639 
  3       2.98361137     111.32575000      15.92876195       0.94983639 
  3       2.98361137     -33.88175000      83.83558921       0.94983639 
  3       2.98361137      37.99596250      32.27670184       0.94983639 
  3       2.98361137      75.99192500      51.97806531       0.94983639 
  3       2.98361137      34.36577500      82.15887743       0.94983639 
  3       2.98361137      21.78112500      88.02736867       0.94983639 
  3       2.98361137      27.83143750      38.14519310       0.94983639 
  3       2.98361137     -35.09181250      61.61915807       0.94983639 
  3       2.98361137      46.95042500       3.35342357       0.94983639 
  3       2.98361137      46.46640000      61.19998013       0.94983639 
  3       2.98361137      53.96878750      47.36710791       0.94983639 
  3       2.98361137      28.79948750      20.53971935       0.94983639 
  3       2.98361137      55.17885000      57.84655656       0.94983639 
  3       2.98361137     -12.58465000      58.68491245       0.94983639 
  3       2.98361137      33.15571250      12.99451633       0.94983639 
  3       2.98361137      25.16930000      73.77531851       0.94983639 
  3       2.98361137      22.26515000      29.34245622       0.94983639 
  3       2.98361137      -7.74440000     103.11777474       0.94983639 
  3       2.98361137      -9.43848750      74.19449645       0.94983639 
  3       2.98361137      94.14286250      12.15616043       0.94983639 
  3       2.98361137      60.01910000      33.53423569       0.94983639 
  3       2.98361137      17.42490000      81.32052153       0.94983639 
  3       2.98361137      61.47117500       6.70684714       0.94983639 
  3       2.98361137      99.70915000      24.31232087       0.94983639 
  3       2.98361137      11.13257500      33.53423569       0.94983639 
  3       2.98361137      71.87771250       8.80273687       0.94983639 
  3       2.98361137      73.57180000      45.27121818       0.94983639 
  3       2.98361137      42.35218750      81.73969948       0.94983639 
  3       2.98361137      -1.69408750      77.54792002       0.94983639 
  3       2.98361137      51.06463750      79.22463180       0.94983639 
  3       2.98361137      58.08300000      89.70408045       0.94983639 
  3       2.98361137      65.58538750      70.84107288       0.94983639 
  3       2.98361137      63.89130000      80.48216564       0.94983639 
  3       2.98361137      17.18288750      57.42737861       0.94983639 
  3       2.98361137      27.58942500      54.49313299       0.94983639 
  3       2.98361137      -2.66213750      50.72053148       0.94983639 
  3       2.98361137       6.53433750      70.00271699       0.94983639 
  3       2.98361137      23.47521250       8.80273687       0.94983639 
  3       2.98361137     -19.36100000      48.62464175       0.94983639 
  3       2.98361137      13.79471250       7.12602508       0.94983639 
  3       2.98361137       5.32427500      54.49313299       0.94983639 
  3       2.98361137      44.77231250      74.19449645       0.94983639 
  3       2.98361137       7.50238750      42.33697256       0.94983639 
  3       2.98361137     -25.89533750      97.66846144       0.94983639 
  3       2.98361137     105.51745000       1.67671178       0.94983639 
  3       2.98361137      31.70363750      88.44654662       0.94983639 
  3       2.98361137      36.30187500       0.00000000       0.94983639 
  3       2.98361137      -3.63018750      60.78080218       0.94983639 
  3       2.98361137     -13.79471250      34.79176953       0.94983639 
  3       2.98361137      84.22035000      15.09040606       0.94983639 
  3       2.98361137     -41.62615000      95.57257170       0.94983639 
  3       2.98361137      25.89533750      65.81093753       0.94983639 
  3       2.98361137      35.09181250      73.35614056       0.94983639 
  3       2.98361137      12.10062500      62.03833602       0.94983639 
  3       2.98361137     -13.55270000      84.67394510       0.94983639 
  3       2.98361137      16.94087500     104.79448652       0.94983639 
  3       2.98361137      17.18288750      24.73149881       0.94983639 
  3       2.98361137      31.70363750      48.20546380       0.94983639 
  3       2.98361137      50.82262500     100.60270706       0.94983639 
  3       2.98361137      55.90488750      17.18629579       0.94983639 
  3       2.98361137      60.74513750      50.72053148       0.94983639 
  3       2.98361137      18.63496250      38.98354899       0.94983639 
  3       2.98361137      26.37936250     101.86024090       0.94983639 
  3       2.98361137      75.26588750      70.84107288       0.94983639 
  3       2.98361137     103.33933750      12.99451633       0.94983639 
  3       2.98361137     116.65002500       3.35342357       0.94983639 
  3       2.98361137      52.27470000      35.21094747       0.94983639 
  3       2.98361137     100.19317500      33.53423569       0.94983639 
  3       2.98361137       9.92251250      96.83010555       0.94983639 
