 Pt           R                 X                Y               E
  1       1.75000000       5.56628750      32.27670184       1.30866804 
  1       1.75000000       1.21006250      44.01368434       1.29878755 
  1       1.75000000      38.96401250      27.24656649       1.30944384 
  1       1.75000000      34.84980000      16.76711784       1.29827715 
  1       1.75000000     -11.61660000      35.21094747       1.31612842 
  1       1.75000000      -0.72603750       9.64109276       1.28707456 
  1       1.75000000       9.92251250       8.80273687       1.32441539 
  1       1.75000000      20.81307500       8.38355892       1.28719356 
  1       1.75000000       7.74440000      46.10957407       1.31913273 
  1       1.75000000      14.27873750       8.80273687       1.31839902 
  1       1.75000000      -0.48402500      32.69587979       1.29785798 
  1       1.75000000     -25.16930000      46.10957407       1.28719482 
  1       1.75000000      14.03672500      25.15067676       1.32281779 
  1       1.75000000      22.50716250      35.63012542       1.31326677 
  1       1.75000000     -21.05508750      38.14519310       1.30640379 
  1       1.75000000      27.10540000      41.91779461       1.30694173 
  1       1.75000000       2.90415000      40.24108283       1.30954482 
  1       1.75000000     -12.34263750      41.49861666       1.29175742 
  1       1.75000000      -8.22842500      47.78628585       1.28872038 
  1       1.75000000      -4.84025000      18.44382962       1.30689312 
  1       1.75000000      26.37936250      12.99451633       1.31940111 
  1       1.75000000      47.91847500      10.89862660       1.31114088 
  1       1.75000000      24.92728750       2.09588973       1.30255261 
  1       1.75000000      60.26111250       2.09588973       1.31526974 
  1       1.75000000      15.00477500      33.53423568       1.31913273 
  1       1.75000000     -25.89533750      51.55888737       1.31547025 
  1       1.75000000      18.63496250      26.40821060       1.28707136 
  1       1.75000000      47.91847500      22.63560908       1.32019073 
  1       1.75000000     -28.07345000      54.49313299       1.30872012 
  1       1.75000000      39.20602500      33.53423569       1.32021191 
  1       1.75000000      27.83143750      25.56985471       1.30519280 
  1       1.75000000     -23.23320000      41.07943872       1.30913069 
  1       1.75000000      17.90892500      30.18081211       1.30502964 
  1       1.75000000      33.88175000       8.38355892       1.33624518 
  1       1.75000000      -9.68050000      21.79725319       1.32302480 
  1       1.75000000      35.81785000      31.01916800       1.28983251 
  1       1.75000000      -1.21006250      54.07395504       1.29938855 
  1       1.75000000       1.93610000      20.95889730       1.32386011 
  1       1.75000000     -13.31068750      28.08492238       1.29026757 
  1       1.75000000       5.56628750      53.23559915       1.30504089 
  1       1.75000000      -0.96805000      23.47396498       1.28844370 
  1       1.75000000      16.21483750      38.98354899       1.28707136 
  1       1.75000000      43.07822500      20.12054141       1.30465247 
  1       1.75000000      20.81307500      47.78628585       1.28872036 
  1       1.75000000      -4.59823750      44.85204023       1.32468362 
  1       1.75000000      32.91370000      46.10957407       1.28719356 
  1       1.75000000       7.98641250       5.44931330       1.31271016 
  1       1.75000000      16.21483750      13.83287222       1.28707136 
  1       1.75000000      -7.50238750      28.92327827       1.31863385 
  1       1.75000000      36.05986250      38.98354899       1.29874893 
  1       1.75000000      12.82666250       0.41917795       1.31612513 
  1       1.75000000       6.77635000      40.24108283       1.31114088 
  1       1.75000000      45.25633750      13.83287222       1.28707136 
  1       1.75000000      30.25156250       6.28766919       1.29916403 
  1       1.75000000      30.00955000      21.79725319       1.30896297 
  1       1.75000000      34.60778750      12.15616043       1.31024952 
  1       1.75000000      52.27470000       1.67671178       1.28872038 
  1       1.75000000      29.04150000      48.62464175       1.30850255 
  1       1.75000000      10.64855000      26.82738854       1.31170195 
  1       1.75000000      -8.71245000      42.75615050       1.30502964 
  1       1.75000000      42.35218750       3.77260151       1.29938855 
  1       1.75000000      46.46640000       7.54520303       1.31253855 
  1       1.75000000     -10.40653750      31.43834595       1.30650230 
  1       1.75000000      29.04150000      37.72601515       1.29865535 
  1       1.75000000      28.31546250       9.64109276       1.28707136 
  1       1.75000000       4.35622500       4.19177946       1.28836761 
  1       1.75000000      23.23320000      25.98903265       1.29520053 
  1       1.75000000      -2.90415000      12.57533838       1.32281779 
  1       1.75000000      30.97760000      41.07943872       1.30465247 
  1       1.75000000      49.12853750      16.34793989       1.31403068 
  1       1.75000000       6.05031250      18.86300757       1.29878755 
  1       1.75000000      21.53911250      12.99451633       1.31839902 
  1       1.75000000     -21.05508750      51.55888737       1.31547025 
  1       1.75000000     -18.39295000      46.10957407       1.30872012 
  1       1.75000000       3.87220000      28.50410033       1.30720123 
  1       1.75000000      10.89056250      12.99451633       1.30519280 
  1       1.75000000      12.58465000      20.12054141       1.31457414 
  1       1.75000000      19.60301250      20.53971935       1.30216863 
  1       1.75000000      43.07822500      29.34245622       1.28836761 
  1       1.75000000      38.23797500      14.25205016       1.32019073 
  1       1.75000000      14.27873750      44.85204023       1.32376532 
  1       1.75000000      54.93683750      11.31780454       1.28704508 
  1       1.75000000      -8.71245000      37.72601515       1.30872012 
  1       1.75000000      32.42967500       2.51506768       1.30727209 
  1       1.75000000      38.72200000      20.95889730       1.29865535 
  1       1.75000000      37.75395000       5.03013535       1.31001193 
  1       1.75000000      14.27873750      29.76163417       1.30650133 
  1       1.75000000      32.18766250      34.79176953       1.31547025 
  1       1.75000000      17.90892500       5.86849124       1.31170195 
  1       1.75000000     -19.11898750      33.95341364       1.32441539 
  1       1.75000000       3.63018750      11.31780454       1.30517430 
  1       1.75000000      26.62137500      31.01916800       1.30689312 
  1       1.75000000      22.99118750      17.18629579       1.30519280 
  1       1.75000000       9.68050000      49.46299764       1.30432821 
  1       1.75000000      24.44326250      22.21643114       1.31749157 
  1       1.75000000      32.67168750      25.56985471       1.30519280 
  1       1.75000000      22.02313750      31.43834595       1.30944384 
  1       1.75000000     -12.10062500      53.65477710       1.30432821 
  1       1.75000000      37.99596250       9.64109276       1.28707136 
  1       1.75000000      21.78112500      40.24108283       1.32022450 
