 Pt           R                 X                Y               E
  3       2.98361137      53.96878750      95.15339375       0.94983639 
  3       2.98361137      10.64855000       7.54520303       0.94983639 
  3       2.98361137      -4.84025000      84.67394510       0.94983639 
  3       2.98361137       1.21006250      80.06298770       0.94983639 
  3       2.98361137     -29.04150000      51.13970942       0.94983639 
  3       2.98361137      52.75872500      78.80545386       0.94983639 
  3       2.98361137      25.89533750      55.75066683       0.94983639 
  3       2.98361137      52.51671250      11.31780454       0.94983639 
  3       2.98361137      81.80022500      19.28218552       0.94983639 
  3       2.98361137     -37.99596250      85.09312305       0.94983639 
  3       2.98361137     -20.32905000      71.26025083       0.94983639 
  3       2.98361137      13.31068750      85.09312305       0.94983639 
  3       2.98361137      53.72677500     101.44106295       0.94983639 
  3       2.98361137      76.23393750      53.23559915       0.94983639 
  3       2.98361137      23.71722500      82.15887743       0.94983639 
  3       2.98361137      42.59420000      55.33148888       0.94983639 
  3       2.98361137      69.21557500      63.71504780       0.94983639 
  3       2.98361137     104.30738750      20.53971935       0.94983639 
  3       2.98361137     100.91921250      32.27670184       0.94983639 
  3       2.98361137      72.60375000      76.29038618       0.94983639 
  3       2.98361137      -8.95446250      21.37807525       0.94983639 
  3       2.98361137     -44.77231250     101.02188501       0.94983639 
  3       2.98361137      31.94565000      34.37259158       0.94983639 
  3       2.98361137      96.56298750      14.67122811       0.94983639 
  3       2.98361137      84.46236250      12.99451633       0.94983639 
  3       2.98361137      60.74513750      22.21643114       0.94983639 
  3       2.98361137       9.43848750      13.83287222       0.94983639 
  3       2.98361137      65.10136250      81.73969948       0.94983639 
  3       2.98361137      -6.53433750      38.98354899       0.94983639 
  3       2.98361137     105.27543750       6.28766919       0.94983639 
  3       2.98361137      45.01432500      76.29038618       0.94983639 
  3       2.98361137      45.01432500      83.83558921       0.94983639 
  3       2.98361137      61.71318750      87.60819072       0.94983639 
  3       2.98361137      58.08300000      71.26025083       0.94983639 
  3       2.98361137      48.16048750      47.36710791       0.94983639 
  3       2.98361137      36.54388750      95.99174964       0.94983639 
  3       2.98361137     -58.32501250     104.37530857       0.94983639 
  3       2.98361137      24.20125000      44.43286229       0.94983639 
  3       2.98361137       3.38817500      46.10957407       0.94983639 
  3       2.98361137      -8.71245000      98.92599528       0.94983639 
  3       2.98361137     -34.36577500      79.64380975       0.94983639 
  3       2.98361137       7.01836250      34.79176953       0.94983639 
  3       2.98361137      85.18840000      29.34245622       0.94983639 
  3       2.98361137     -24.68527500      77.12874207       0.94983639 
  3       2.98361137      42.83621250       5.44931330       0.94983639 
  3       2.98361137      66.79545000      45.27121818       0.94983639 
  3       2.98361137     -19.11898750      96.83010555       0.94983639 
  3       2.98361137       6.53433750      97.66846144       0.94983639 
  3       2.98361137      36.54388750      19.70136346       0.94983639 
  3       2.98361137     -27.83143750      85.93147894       0.94983639 
  3       2.98361137       8.95446250      43.17532845       0.94983639 
  3       2.98361137      22.74917500      24.31232087       0.94983639 
  3       2.98361137      77.44400000      68.74518315       0.94983639 
  3       2.98361137      63.64928750      59.94244629       0.94983639 
  3       2.98361137      22.50716250      33.11505773       0.94983639 
  3       2.98361137      -1.45207500      17.60547373       0.94983639 
  3       2.98361137       9.19647500      20.12054141       0.94983639 
  3       2.98361137      75.50790000      32.69587979       0.94983639 
  3       2.98361137     -14.52075000     103.95613063       0.94983639 
  3       2.98361137     -25.65332500     103.11777474       0.94983639 
  3       2.98361137      27.83143750       4.61095741       0.94983639 
  3       2.98361137      96.32097500       7.54520303       0.94983639 
  3       2.98361137      45.01432500      97.24928349       0.94983639 
  3       2.98361137      31.46162500      72.93696261       0.94983639 
  3       2.98361137      48.64451250      59.10409040       0.94983639 
  3       2.98361137      24.68527500      69.58353905       0.94983639 
  3       2.98361137      19.84502500     103.95613063       0.94983639 
  3       2.98361137      45.98237500      20.95889730       0.94983639 
  3       2.98361137      82.76827500      57.84655656       0.94983639 
  3       2.98361137       5.56628750      58.26573450       0.94983639 
  3       2.98361137     -14.27873750      83.41641126       0.94983639 
  3       2.98361137      61.22916250      15.50958400       0.94983639 
  3       2.98361137      -2.42012500      57.00820067       0.94983639 
  3       2.98361137      53.72677500      35.21094747       0.94983639 
  3       2.98361137      39.69005000      33.53423569       0.94983639 
  3       2.98361137      -7.74440000      46.10957407       0.94983639 
  3       2.98361137      53.96878750      88.44654662       0.94983639 
  3       2.98361137     -24.68527500      56.16984477       0.94983639 
  3       2.98361137      66.79545000       8.38355892       0.94983639 
  3       2.98361137      14.27873750      33.95341364       0.94983639 
  3       2.98361137     -27.83143750      70.84107288       0.94983639 
  3       2.98361137      24.20125000      91.38079224       0.94983639 
  3       2.98361137       0.72603750      64.13422575       0.94983639 
  3       2.98361137      17.90892500      51.13970942       0.94983639 
  3       2.98361137      76.47595000      15.92876195       0.94983639 
  3       2.98361137      67.52148750      28.92327827       0.94983639 
  3       2.98361137      88.57657500      37.72601515       0.94983639 
  3       2.98361137     -38.23797500      72.09860672       0.94983639 
  3       2.98361137     -20.81307500      50.30135353       0.94983639 
  3       2.98361137      66.55343750      36.46848131       0.94983639 
  3       2.98361137      17.42490000      10.06027070       0.94983639 
  3       2.98361137      24.92728750      18.02465168       0.94983639 
  3       2.98361137     -40.41608750      95.99174964       0.94983639 
  3       2.98361137      -1.45207500      10.89862660       0.94983639 
  3       2.98361137     -11.13257500      65.39175959       0.94983639 
  3       2.98361137       8.47043750      77.54792002       0.94983639 
  3       2.98361137     -34.36577500      92.21914813       0.94983639 
  3       2.98361137      32.42967500     103.11777474       0.94983639 
  3       2.98361137      59.77708750       7.96438097       0.94983639 
  3       2.98361137      51.79067500      72.09860672       0.94983639 
