 Pt           R                 X                Y               E
  1       1.75000000      -7.26037500      20.95889730       1.33624518 
  1       1.75000000      39.69005000      15.09040606       1.30727209 
  1       1.75000000       3.38817500      20.95889730       1.29827475 
  1       1.75000000      41.38413750      33.11505773       1.30216863 
  1       1.75000000       2.42012500      31.01916800       1.30689312 
  1       1.75000000      45.25633750      15.50958400       1.31251228 
  1       1.75000000     -25.89533750      53.23559915       1.30866804 
  1       1.75000000      21.53911250       2.93424562       1.29479982 
  1       1.75000000      16.21483750      29.76163417       1.30428718 
  1       1.75000000      -2.66213750      39.82190488       1.30429739 
  1       1.75000000      28.31546250      26.40821060       1.28707456 
  1       1.75000000      53.24275000       0.00000000       1.33624518 
  1       1.75000000      24.92728750      22.21643114       1.31547025 
  1       1.75000000       7.26037500      12.57533838       1.33624260 
  1       1.75000000      29.76753750      49.88217558       1.31403068 
  1       1.75000000      37.26992500      41.07943872       1.30728319 
  1       1.75000000     -15.97282500      43.59450639       1.30881306 
  1       1.75000000      35.33382500       5.03013535       1.29520053 
  1       1.75000000      54.69482500       5.03013535       1.29520053 
  1       1.75000000       7.98641250       3.77260151       1.31403068 
  1       1.75000000       3.14616250      44.85204023       1.30866804 
  1       1.75000000      36.05986250      19.70136346       1.29479982 
  1       1.75000000      23.47521250      48.20546380       1.30650230 
  1       1.75000000      24.92728750       5.44931330       1.31547025 
  1       1.75000000     -10.89056250      33.95341364       1.30519280 
  1       1.75000000      11.85861250      17.18629579       1.30650133 
  1       1.75000000       9.19647500      51.13970942       1.29767814 
  1       1.75000000      16.69886250      54.07395504       1.31863385 
  1       1.75000000      34.60778750      29.76163417       1.31612513 
  1       1.75000000      10.89056250      47.36710791       1.29749309 
  1       1.75000000      12.10062500      10.89862660       1.30850255 
  1       1.75000000      21.78112500      10.06027070       1.31746675 
  1       1.75000000      18.15093750      37.30683720       1.29938855 
  1       1.75000000      52.75872500      13.41369427       1.31527398 
  1       1.75000000      -9.19647500      26.82738854       1.30520829 
  1       1.75000000      30.25156250      39.82190488       1.29916364 
  1       1.75000000      15.00477500       7.54520303       1.31296900 
  1       1.75000000      46.70841250      12.15616043       1.31403068 
  1       1.75000000      13.79471250      51.55888737       1.28707456 
  1       1.75000000       0.96805000      25.15067676       1.29827475 
  1       1.75000000       6.05031250      32.27670184       1.30517430 
  1       1.75000000       3.87220000      35.21094747       1.28872038 
  1       1.75000000     -13.55270000      37.72601515       1.30872010 
  1       1.75000000      31.94565000      36.04930337       1.31297681 
  1       1.75000000      -1.93610000      11.73698249       1.31296900 
  1       1.75000000      12.34263750       2.09588973       1.32045605 
  1       1.75000000      44.04627500       5.86849124       1.31612842 
  1       1.75000000      17.90892500      45.27121818       1.30913069 
  1       1.75000000      -6.77635000      48.62464175       1.30954482 
  1       1.75000000      45.49835000      25.15067676       1.28836761 
  1       1.75000000      -1.69408750      19.70136346       1.30866804 
  1       1.75000000     -15.00477500      34.37259158       1.29767814 
  1       1.75000000     -17.18288750      30.59999006       1.29874893 
  1       1.75000000       2.90415000      16.76711784       1.30694173 
  1       1.75000000      43.07822500      20.95889730       1.28836717 
  1       1.75000000      -3.38817500      24.31232087       1.30720123 
  1       1.75000000      16.45685000      14.25205016       1.28983251 
  1       1.75000000      42.59420000       0.00000000       1.30829403 
  1       1.75000000      -2.66213750      52.39724326       1.31526974 
  1       1.75000000     -27.83143750      49.88217558       1.29938855 
  1       1.75000000     -11.37458750      29.76163417       1.30640379 
  1       1.75000000      31.70363750       4.61095741       1.32441539 
  1       1.75000000     -21.53911250      44.01368434       1.32045605 
  1       1.75000000      40.41608750      37.30683720       1.31364402 
  1       1.75000000      30.49357500      10.89862660       1.28844370 
  1       1.75000000       9.68050000      20.95889730       1.29865535 
  1       1.75000000       3.63018750       2.93424562       1.30517430 
  1       1.75000000      25.89533750      18.02465168       1.31634439 
  1       1.75000000      39.20602500       5.86849124       1.31612842 
  1       1.75000000      39.93206250      11.31780454       1.29026757 
  1       1.75000000      19.60301250      24.73149881       1.32312110 
  1       1.75000000      -4.84025000      29.34245622       1.29865535 
  1       1.75000000       6.77635000      27.66574444       1.29683873 
  1       1.75000000      37.99596250      23.05478703       1.30650230 
  1       1.75000000      36.05986250       1.25753384       1.31745467 
  1       1.75000000      -9.19647500      53.65477710       1.31253855 
  1       1.75000000      51.30665000       6.70684714       1.30954482 
  1       1.75000000       1.45207500      52.81642121       1.28844370 
  1       1.75000000     -20.32905000      51.97806531       1.28872038 
  1       1.75000000      -1.69408750       7.12602508       1.30504089 
  1       1.75000000     -22.74917500      48.62464175       1.30255576 
  1       1.75000000      57.84098750       2.93424562       1.32376532 
  1       1.75000000      20.81307500      15.92876195       1.30720123 
  1       1.75000000      -8.47043750      39.82190488       1.29916403 
  1       1.75000000      -5.56628750      17.18629579       1.30428718 
  1       1.75000000      24.92728750      29.76163417       1.31612513 
  1       1.75000000      -5.56628750      44.01368434       1.29182750 
  1       1.75000000       9.68050000      38.56437104       1.32302480 
  1       1.75000000      36.54388750       9.64109276       1.31749157 
  1       1.75000000      10.64855000      33.53423569       1.29827715 
  1       1.75000000      17.66691250       4.61095741       1.30640379 
  1       1.75000000     -10.16452500      17.60547373       1.29768156 
  1       1.75000000      27.10540000      53.65477710       1.31296900 
  1       1.75000000      -6.29232500      33.53423569       1.30872010 
  1       1.75000000      22.74917500      26.82738854       1.30881306 
  1       1.75000000       5.32427500      41.07943872       1.31296900 
  1       1.75000000      40.65810000      25.98903265       1.31527398 
  1       1.75000000      -1.93610000      32.69587979       1.31253855 
  1       1.75000000      32.42967500      17.60547373       1.30896297 
  1       1.75000000      13.31068750      25.56985471       1.30519280 
