 Pt           R                 X                Y               E
  5       4.20564574      47.43445000      18.44382962       0.56915931 
  5       4.20564574      35.09181250      56.58902272       0.56915931 
  5       4.20564574      40.90011250       4.61095741       0.56915931 
  5       4.20564574      43.07822500      79.64380975       0.56915931 
  5       4.20564574      67.03746250      43.17532845       0.56915931 
  5       4.20564574      26.62137500       0.00000000       0.56915931 
  5       4.20564574      -3.38817500      78.80545386       0.56915931 
  5       4.20564574      60.01910000      12.57533838       0.56915931 
  5       4.20564574      12.58465000     101.44106295       0.56915931 
  5       4.20564574      69.21557500       4.19177946       0.56915931 
  5       4.20564574      42.11017500      29.34245622       0.56915931 
  5       4.20564574      -9.68050000      27.66574444       0.56915931 
  5       4.20564574       3.87220000      29.34245622       0.56915931 
  5       4.20564574     -20.57106250      61.61915807       0.56915931 
  5       4.20564574      10.89056250      72.51778467       0.56915931 
  5       4.20564574      21.29710000      10.06027070       0.56915931 
  5       4.20564574      -2.90415000      91.38079224       0.56915931 
  5       4.20564574      22.99118750      36.46848131       0.56915931 
  5       4.20564574      76.47595000      46.10957407       0.56915931 
  5       4.20564574     103.33933750      11.31780454       0.56915931 
  5       4.20564574     -20.08703750      41.49861666       0.56915931 
  5       4.20564574     -29.76753750      59.94244629       0.56915931 
  5       4.20564574      16.21483750      92.63832608       0.56915931 
  5       4.20564574      62.68123750      50.72053148       0.56915931 
  5       4.20564574      26.37936250      53.23559915       0.56915931 
  5       4.20564574     -14.27873750      49.88217558       0.56915931 
  5       4.20564574     -37.02791250      68.32600521       0.56915931 
  5       4.20564574      15.00477500      39.40272693       0.56915931 
  5       4.20564574     -50.33860000      87.18901278       0.56915931 
  5       4.20564574     -11.61660000      67.06847137       0.56915931 
  5       4.20564574      80.34815000       4.19177946       0.56915931 
  5       4.20564574     -20.08703750      85.09312305       0.56915931 
  5       4.20564574      41.62615000      71.26025083       0.56915931 
  5       4.20564574      70.42563750      17.18629579       0.56915931 
  5       4.20564574      46.22438750      62.45751396       0.56915931 
  5       4.20564574     -25.16930000      75.45203029       0.56915931 
  5       4.20564574       9.68050000      15.92876195       0.56915931 
  5       4.20564574      48.16048750      93.47668197       0.56915931 
  5       4.20564574      43.56225000      41.91779461       0.56915931 
  5       4.20564574      50.82262500      75.45203029       0.56915931 
  5       4.20564574      59.53507500      31.85752390       0.56915931 
  5       4.20564574      66.55343750      75.87120824       0.56915931 
  5       4.20564574      91.23871250       9.64109276       0.56915931 
  5       4.20564574      21.78112500      46.10957407       0.56915931 
  5       4.20564574      71.87771250      35.63012542       0.56915931 
  5       4.20564574      86.39846250      38.98354899       0.56915931 
  5       4.20564574     -41.14212500      89.70408045       0.56915931 
  5       4.20564574      33.63973750      39.82190488       0.56915931 
  5       4.20564574      28.07345000      83.83558921       0.56915931 
  5       4.20564574     -11.61660000     100.60270706       0.56915931 
  5       4.20564574      12.58465000      25.15067676       0.56915931 
  5       4.20564574      71.63570000      65.39175959       0.56915931 
  5       4.20564574      93.41682500      19.28218552       0.56915931 
  5       4.20564574      24.68527500      21.79725319       0.56915931 
  5       4.20564574     -36.78590000      78.80545386       0.56915931 
  5       4.20564574     115.19795000       8.38355892       0.56915931 
  5       4.20564574      -1.69408750      19.70136346       0.56915931 
  5       4.20564574      -4.84025000      46.94792996       0.56915931 
  5       4.20564574      34.12376250     101.02188501       0.56915931 
  5       4.20564574     106.72751250       1.25753384       0.56915931 
  5       4.20564574     -14.03672500      91.38079224       0.56915931 
  5       4.20564574      85.18840000      24.31232087       0.56915931 
  5       4.20564574       4.35622500       0.83835589       0.56915931 
  5       4.20564574      34.60778750      89.28490251       0.56915931 
  5       4.20564574      48.88652500       7.54520303       0.56915931 
  5       4.20564574       6.05031250      62.45751396       0.56915931 
  5       4.20564574      34.84980000      13.41369427       0.56915931 
  5       4.20564574      57.59897500      86.35065689       0.56915931 
  5       4.20564574      18.15093750      67.48764932       0.56915931 
  5       4.20564574      54.45281250      39.82190488       0.56915931 
  5       4.20564574     -27.10540000      97.24928349       0.56915931 
  5       4.20564574      25.65332500     100.60270706       0.56915931 
  5       4.20564574      -2.66213750      57.42737861       0.56915931 
  5       4.20564574       1.93610000     100.60270706       0.56915931 
  5       4.20564574      83.49431250      14.67122811       0.56915931 
  5       4.20564574     -40.41608750      98.50681733       0.56915931 
  5       4.20564574       3.14616250      41.49861666       0.56915931 
  5       4.20564574      90.02865000      50.30135353       0.56915931 
  5       4.20564574      76.71796250      58.26573450       0.56915931 
  5       4.20564574       8.95446250      49.04381969       0.56915931 
  5       4.20564574      33.39772500      25.98903265       0.56915931 
  5       4.20564574       5.08226250      83.41641126       0.56915931 
  5       4.20564574      15.48880000      57.84655656       0.56915931 
  5       4.20564574      -4.11421250      35.63012542       0.56915931 
  5       4.20564574     -15.73081250      77.54792002       0.56915931 
  5       4.20564574      -2.66213750      69.16436110       0.56915931 
  5       4.20564574      66.79545000      25.15067676       0.56915931 
  5       4.20564574     -50.82262500      96.41092760       0.56915931 
  5       4.20564574      57.84098750      59.94244629       0.56915931 
  5       4.20564574      98.25707500      27.66574444       0.56915931 
  5       4.20564574      28.07345000      68.74518315       0.56915931 
  5       4.20564574      55.66287500      22.63560908       0.56915931 
  5       4.20564574     -28.55747500      83.83558921       0.56915931 
  5       4.20564574      44.28828750      53.23559915       0.56915931 
  5       4.20564574      60.98715000      98.08763938       0.56915931 
  5       4.20564574      75.50790000      77.12874207       0.56915931 
  5       4.20564574      17.18288750      81.73969948       0.56915931 
  5       4.20564574      60.26111250      68.32600521       0.56915931 
  5       4.20564574      55.17885000       1.67671178       0.56915931 
  5       4.20564574      76.47595000      25.98903265       0.56915931 
