 Pt           R                 X                Y               E
  5       4.20564574     114.71392500       1.67671178       0.56915931 
  5       4.20564574      82.28425000      29.34245622       0.56915931 
  5       4.20564574      18.63496250      64.97258164       0.56915931 
  5       4.20564574      27.58942500      59.52326834       0.56915931 
  5       4.20564574      -1.45207500      20.95889730       0.56915931 
  5       4.20564574      15.48880000      29.34245622       0.56915931 
  5       4.20564574      51.06463750      85.09312305       0.56915931 
  5       4.20564574      53.00073750      54.07395504       0.56915931 
  5       4.20564574     101.16122500      11.73698249       0.56915931 
  5       4.20564574      29.52552500       0.00000000       0.56915931 
  5       4.20564574      31.46162500      88.02736867       0.56915931 
  5       4.20564574      10.40653750       7.12602508       0.56915931 
  5       4.20564574     -22.74917500      68.74518315       0.56915931 
  5       4.20564574     107.21153750      21.37807525       0.56915931 
  5       4.20564574      63.89130000      14.25205016       0.56915931 
  5       4.20564574     -26.37936250      90.96161429       0.56915931 
  5       4.20564574      38.23797500       9.22191481       0.56915931 
  5       4.20564574      17.90892500      96.41092760       0.56915931 
  5       4.20564574      40.90011250      18.02465168       0.56915931 
  5       4.20564574     -49.85457500      90.54243635       0.56915931 
  5       4.20564574      -7.50238750      51.55888737       0.56915931 
  5       4.20564574      14.76276250      49.88217558       0.56915931 
  5       4.20564574     -18.87697500      81.32052153       0.56915931 
  5       4.20564574       5.80830000      93.89585991       0.56915931 
  5       4.20564574       5.56628750      77.54792002       0.56915931 
  5       4.20564574      21.53911250      23.05478703       0.56915931 
  5       4.20564574     -31.94565000      63.71504780       0.56915931 
  5       4.20564574      62.43922500      36.88765926       0.56915931 
  5       4.20564574      91.23871250       0.41917795       0.56915931 
  5       4.20564574     -12.10062500      99.76435117       0.56915931 
  5       4.20564574     -43.32023750      79.22463180       0.56915931 
  5       4.20564574      22.99118750      11.31780454       0.56915931 
  5       4.20564574      24.20125000      72.09860672       0.56915931 
  5       4.20564574      -3.63018750      94.31503786       0.56915931 
  5       4.20564574      55.17885000       7.54520303       0.56915931 
  5       4.20564574      28.31546250      33.95341364       0.56915931 
  5       4.20564574     -38.72200000      88.02736867       0.56915931 
  5       4.20564574     -15.48880000      39.40272693       0.56915931 
  5       4.20564574      60.01910000      98.92599528       0.56915931 
  5       4.20564574     -22.26515000     100.60270706       0.56915931 
  5       4.20564574      45.49835000      97.24928349       0.56915931 
  5       4.20564574      43.07822500      75.45203029       0.56915931 
  5       4.20564574      21.78112500      39.40272693       0.56915931 
  5       4.20564574     -22.99118750      58.26573450       0.56915931 
  5       4.20564574       1.93610000      63.71504780       0.56915931 
  5       4.20564574      10.64855000      38.56437104       0.56915931 
  5       4.20564574      77.92802500       6.70684714       0.56915931 
  5       4.20564574      -9.19647500      84.67394510       0.56915931 
  5       4.20564574      -9.43848750      29.76163417       0.56915931 
  5       4.20564574      34.36577500      50.30135353       0.56915931 
  5       4.20564574      41.86816250      87.60819072       0.56915931 
  5       4.20564574      45.74036250      59.94244629       0.56915931 
  5       4.20564574      72.84576250      22.21643114       0.56915931 
  5       4.20564574      38.72200000      36.88765926       0.56915931 
  5       4.20564574     -44.04627500      98.92599528       0.56915931 
  5       4.20564574      94.86890000      29.34245622       0.56915931 
  5       4.20564574      -2.66213750      12.15616043       0.56915931 
  5       4.20564574      95.83695000      41.91779461       0.56915931 
  5       4.20564574      57.59897500      27.66574444       0.56915931 
  5       4.20564574      64.61733750      49.04381969       0.56915931 
  5       4.20564574       5.32427500      52.81642121       0.56915931 
  5       4.20564574      87.12450000       8.38355892       0.56915931 
  5       4.20564574     -38.96401250      71.67942878       0.56915931 
  5       4.20564574      66.55343750      75.87120824       0.56915931 
  5       4.20564574      66.55343750      64.13422575       0.56915931 
  5       4.20564574      -1.45207500      41.91779461       0.56915931 
  5       4.20564574     -31.70363750      76.70956413       0.56915931 
  5       4.20564574      37.51193750      26.40821060       0.56915931 
  5       4.20564574      48.16048750      35.63012542       0.56915931 
  5       4.20564574      70.18362500      56.16984477       0.56915931 
  5       4.20564574      70.66765000      32.69587979       0.56915931 
  5       4.20564574     -14.03672500      57.00820067       0.56915931 
  5       4.20564574      57.84098750      70.00271699       0.56915931 
  5       4.20564574      77.92802500      45.27121818       0.56915931 
  5       4.20564574      24.20125000      48.62464175       0.56915931 
  5       4.20564574      52.75872500      45.27121818       0.56915931 
  5       4.20564574      81.07418750      19.70136346       0.56915931 
  5       4.20564574      -7.26037500      71.26025083       0.56915931 
  5       4.20564574     105.75946250       2.93424562       0.56915931 
  5       4.20564574      61.71318750      90.12325840       0.56915931 
  5       4.20564574      36.05986250      65.81093753       0.56915931 
  5       4.20564574       6.77635000      31.01916800       0.56915931 
  5       4.20564574      34.36577500      96.41092760       0.56915931 
  5       4.20564574      10.89056250      84.25476716       0.56915931 
  5       4.20564574      68.73155000       4.19177946       0.56915931 
  5       4.20564574       2.90415000     102.27941884       0.56915931 
  5       4.20564574      -7.50238750      62.45751396       0.56915931 
  5       4.20564574      43.80426250      45.69039612       0.56915931 
  5       4.20564574      77.92802500      62.03833602       0.56915931 
  5       4.20564574      83.73632500      53.65477710       0.56915931 
  5       4.20564574     -34.84980000      96.41092760       0.56915931 
  5       4.20564574      46.70841250       3.77260151       0.56915931 
  5       4.20564574      52.03268750      18.02465168       0.56915931 
  5       4.20564574      47.19243750      25.56985471       0.56915931 
  5       4.20564574      -0.48402500      86.35065689       0.56915931 
  5       4.20564574      34.36577500      76.29038618       0.56915931 
  5       4.20564574      14.52075000      72.93696261       0.56915931 
  5       4.20564574      15.00477500      15.92876195       0.56915931 
  5       4.20564574      83.73632500      38.56437104       0.56915931 
  5       4.20564574      57.11495000      78.80545386       0.56915931 
