 Pt           R                 X                Y               E
  2       2.79114648     -17.42490000      89.70408045       1.12859725 
  2       2.73305264      -8.95446250      75.87120824       1.12928328 
  2       2.79100264      27.34741250      70.00271699       1.12859649 
  2       2.79100264      38.96401250      71.67942878       1.12859649 
  2       2.79114648      83.73632500      62.87669191       1.12859725 
  2       2.73305264      93.41682500      33.53423568       1.12928328 
  2       2.78843079       8.22842500      20.12054141       1.12928439 
  2       2.79114648      63.16526250      17.18629579       1.12859725 
  2       2.78843079      62.19721250      43.17532845       1.12928439 
  2       2.79114648      67.27947500      26.82738854       1.12859725 
  2       2.79100264       9.92251250      34.79176953       1.12859649 
  2       2.79100264     -10.64855000      20.12054141       1.12859649 
  2       2.79100264      72.84576250      38.14519310       1.12859649 
  2       2.81726766      34.12376250      59.94244629       1.14117534 
  2       2.79114648     -52.51671250      91.79997018       1.12859725 
  2       2.79114648      13.31068750      51.55888737       1.12859725 
  2       2.79100264       7.74440000      88.02736867       1.12859649 
  2       2.79100264      26.86338750      21.37807525       1.12859649 
  2       2.78843079      64.37532500       4.19177946       1.12928439 
  2       2.79100264       2.66213750      95.99174964       1.12859649 
  2       2.79100264       3.14616250      28.08492238       1.12859649 
  2       2.79114648     -20.32905000      62.03833602       1.12859725 
  2       2.73305264     108.90562500       4.19177946       1.12928328 
  2       2.79100264      25.65332500     103.11777474       1.12859649 
  2       2.79100264      13.55270000      83.83558921       1.12859649 
  2       2.73305264     -35.09181250     101.02188501       1.12928328 
  2       2.73305264      52.75872500      84.67394510       1.12928328 
  2       2.73305264      -2.17811250      17.18629579       1.12928328 
  2       2.79114648     104.06537500      21.79725319       1.12859725 
  2       2.79100264      36.30187500      48.62464175       1.12859649 
  2       2.79114648      46.95042500      44.43286229       1.12859725 
  2       2.79100264     -26.37936250      59.94244629       1.12859649 
  2       2.78843079      46.22438750      56.58902272       1.12928439 
  2       2.79100264      -8.47043750      91.79997018       1.12859649 
  2       2.79100264      86.64047500      36.04930337       1.12859649 
  2       2.79114648       6.29232500      40.24108283       1.12859725 
  2       2.73305264       5.80830000      79.64380975       1.12928328 
  2       2.79100264      90.75468750      41.49861666       1.12859649 
  2       2.79100264      51.79067500       4.19177946       1.12859649 
  2       2.79100264      35.57583750       2.93424562       1.12859649 
  2       2.78843079      22.26515000      56.16984477       1.12928439 
  2       2.79100264      68.97356250       7.96438097       1.12859649 
  2       2.73305264      39.69005000      62.87669191       1.12928328 
  2       2.78843079      46.70841250      11.31780454       1.12928439 
  2       2.79100264     -10.40653750      34.79176953       1.12859649 
  2       2.79114648      98.74110000      37.72601515       1.12859725 
  2       2.79114648      79.38010000      15.92876195       1.12859725 
  2       2.73305264      64.37532500      78.80545386       1.12928328 
  2       2.73305264      84.70437500      46.10957407       1.12928328 
  2       2.79114648      52.75872500      46.10957407       1.12859725 
  2       2.73305264      -4.84025000      53.65477710       1.12928328 
  2       2.79100264      -1.93610000     102.27941884       1.12859649 
  2       2.78843079      95.59493750       1.25753384       1.12928439 
  2       2.79100264      24.92728750      85.09312305       1.12859649 
  2       2.78843079     -14.76276250      80.06298770       1.12928439 
  2       2.79114648     -11.37458750      64.13422575       1.12859725 
  2       2.79114648      31.21961250      97.66846144       1.12859725 
  2       2.79100264      34.84980000      83.83558921       1.12859649 
  2       2.79114648      19.84502500      40.24108283       1.12859725 
  2       2.79114648      33.39772500      90.54243635       1.12859725 
  2       2.79114648      75.74991250      71.67942878       1.12859725 
  2       2.79114648     101.88726250      12.15616043       1.12859725 
  2       2.73305264     -10.64855000      50.30135353       1.12928328 
  2       2.79100264     -44.04627500     100.60270706       1.12859649 
  2       2.79114648       4.59823750       8.80273687       1.12859725 
  2       2.79100264     -22.02313750      82.57805537       1.12859649 
  2       2.78843079     100.91921250      28.08492238       1.12928439 
  2       2.79100264      13.31068750      70.84107288       1.12859649 
  2       2.78843079     -29.28351250     102.69859679       1.12928439 
  2       2.79100264      53.96878750      30.59999006       1.12859649 
  2       2.79114648      23.95923750      12.15616043       1.12859725 
  2       2.79114648      -2.66213750      88.44654662       1.12859725 
  2       2.79100264       0.24201250      48.20546380       1.12859649 
  2       2.78843079      21.53911250      27.24656649       1.12928439 
  2       2.79100264      -2.90415000      72.09860672       1.12859649 
  2       2.73305264      41.62615000      37.72601515       1.12928328 
  2       2.79114648      39.20602500      25.15067676       1.12859725 
  2       2.79114648       9.92251250     100.18352911       1.12859725 
  2       2.79114648     -29.52552500      92.21914813       1.12859725 
  2       2.78843079      58.80903750      60.78080218       1.12928439 
  2       2.79114648      45.25633750     103.53695268       1.12859725 
  2       2.79100264     -40.17407500      77.96709797       1.12859649 
  2       2.78843079     -29.28351250      73.35614056       1.12928439 
  2       2.78843079     -55.90488750      98.50681733       1.12928439 
  2       2.79100264      12.34263750      25.56985471       1.12859649 
  2       2.78843079      25.65332500      47.78628585       1.12928439 
  2       2.79114648      65.58538750      37.30683720       1.12859725 
  2       2.79114648      47.43445000      95.57257170       1.12859725 
  2       2.73305264     -46.46640000      83.83558921       1.12928328 
  2       2.78843079       6.05031250      66.64929342       1.12928439 
  2       2.79114648      77.68601250      49.88217558       1.12859725 
  2       2.79114648      18.15093750      48.20546380       1.12859725 
  2       2.79100264      74.05582500      24.31232087       1.12859649 
  2       2.78843079      80.59016250      68.32600521       1.12928439 
  2       2.79114648      84.94638750      30.59999006       1.12859725 
  2       2.79114648      54.21080000      96.41092759       1.12859725 
  2       2.73305264      18.15093750      61.61915807       1.12928328 
  2       2.73305264      12.10062500       1.67671178       1.12928328 
  2       2.79100264      29.52552500       7.54520303       1.12859649 
  2       2.79100264       7.50238750      59.94244629       1.12859649 
