 Pt           R                 X                Y               E
  2       2.79100264     -40.65810000      96.41092759       1.12859649 
  2       2.79100264      94.14286250      24.73149881       1.12859649 
  2       2.79100264      55.17885000      97.24928349       1.12859649 
  2       2.79114648      38.47998750      32.27670184       1.12859725 
  2       2.79100264      38.96401250      42.33697256       1.12859649 
  2       2.79100264      35.33382500      37.72601515       1.12859649 
  2       2.79100264      17.18288750     100.18352911       1.12859649 
  2       2.79114648      73.81381250      12.99451633       1.12859725 
  2       2.73305264      -4.11421250      77.54792002       1.12928328 
  2       2.79114648      -2.90415000      55.33148888       1.12859725 
  2       2.79114648     -30.73558750      60.78080218       1.12859725 
  2       2.79114648      89.54462500      32.69587979       1.12859725 
  2       2.79114648      97.04701250       3.77260151       1.12859725 
  2       2.79114648      24.44326250       2.93424562       1.12859725 
  2       2.79114648      21.05508750      47.36710791       1.12859725 
  2       2.79100264      31.21961250      77.54792002       1.12859649 
  2       2.73305264      49.37055000      84.67394510       1.12928328 
  2       2.73305264      18.87697500      94.73421581       1.12928328 
  2       2.78843079     -43.80426250      84.25476716       1.12928439 
  2       2.79114648      84.46236250      23.89314292       1.12859725 
  2       2.79100264       4.59823750      33.11505773       1.12859649 
  2       2.79114648     -24.20125000      94.73421581       1.12859725 
  2       2.79100264      12.82666250      28.92327827       1.12859649 
  2       2.73305264      48.88652500      57.84655656       1.12928328 
  2       2.79114648      88.57657500      46.10957407       1.12859725 
  2       2.79114648      54.21080000      15.09040606       1.12859725 
  2       2.79100264      54.21080000      44.43286229       1.12859649 
  2       2.73305264       3.38817500      54.49313299       1.12928328 
  2       2.79114648      63.89130000      85.51230099       1.12859725 
  2       2.79100264      14.27873750      71.67942878       1.12859649 
  2       2.78843079      19.60301250      30.59999006       1.12928439 
  2       2.79100264     -14.52075000      67.06847137       1.12859649 
  2       2.79100264      65.10136250      13.83287222       1.12859649 
  2       2.78843079       3.87220000       4.19177946       1.12928439 
  2       2.79114648      27.83143750      47.36710791       1.12859725 
  2       2.79114648      80.10613750      65.81093753       1.12859725 
  2       2.79114648      52.75872500       9.22191481       1.12859725 
  2       2.78843079      22.99118750      25.56985471       1.12928439 
  2       2.79114648      56.14690000      69.58353905       1.12859725 
  2       2.79100264      45.98237500      36.88765926       1.12859649 
  2       2.79114648      45.74036250      14.67122811       1.12859725 
  2       2.73305264      -5.08226250     101.86024090       1.12928328 
  2       2.79114648      83.49431250      31.43834595       1.12859725 
  2       2.73305264      80.59016250       1.25753384       1.12928328 
  2       2.79100264      57.11495000      26.82738854       1.12859649 
  2       2.73305264      59.53507500      41.07943872       1.12928328 
  2       2.78843079       6.53433750      64.97258164       1.12928439 
  2       2.78843079      13.55270000      12.57533838       1.12928439 
  2       2.79114648      37.51193750      10.47944865       1.12859725 
  2       2.79100264      64.61733750      68.32600521       1.12859649 
  2       2.79100264      63.40727500      30.18081211       1.12859649 
  2       2.73305264      89.54462500       0.83835589       1.12928328 
  2       2.79100264      36.54388750      95.99174964       1.12859649 
  2       2.73305264     -22.74917500      58.68491245       1.12928328 
  2       2.78843079      34.36577500      54.49313299       1.12928439 
  2       2.78843079      93.90085000      16.76711784       1.12928439 
  2       2.79100264      78.17003750      52.39724326       1.12859649 
  2       2.78843079      32.91370000      31.01916800       1.12928439 
  2       2.79100264      71.87771250      81.73969948       1.12859649 
  2       2.79114648     -24.20125000      67.06847137       1.12859725 
  2       2.78843079     106.96952500      13.41369427       1.12928439 
  2       2.73305264     -25.16930000      51.13970942       1.12928328 
  2       2.79100264       7.74440000      93.89585991       1.12859649 
  2       2.79100264      48.40250000     100.60270706       1.12859649 
  2       2.79100264      -3.87220000      91.38079224       1.12859649 
  2       2.78843079      81.80022500      42.75615050       1.12928439 
  2       2.79114648      34.84980000      70.42189494       1.12859725 
  2       2.79100264      55.42086250      33.95341364       1.12859649 
  2       2.78843079      89.06060000      38.56437104       1.12928439 
  2       2.79100264       0.96805000      72.09860672       1.12859649 
  2       2.79114648       3.14616250      45.69039612       1.12859725 
  2       2.73305264      25.16930000      58.68491245       1.12928328 
  2       2.78843079      98.74110000      13.41369427       1.12928439 
  2       2.79100264      65.34337500       7.54520303       1.12859649 
  2       2.78843079      19.11898750      54.91231094       1.12928439 
  2       2.79100264      71.87771250       7.12602508       1.12859649 
  2       2.78843079      96.56298750      40.66026077       1.12928439 
  2       2.79100264      80.83217500      18.44382962       1.12859649 
  2       2.78843079      11.85861250      44.01368434       1.12928439 
  2       2.79114648     -15.73081250      38.14519310       1.12859725 
  2       2.78843079      -2.42012500      41.91779461       1.12928439 
  2       2.78843079     -35.81785000      83.83558921       1.12928439 
  2       2.79100264      50.33860000      93.05750402       1.12859649 
  2       2.78843079       6.29232500      22.63560908       1.12928439 
  2       2.78843079     -24.20125000     102.27941884       1.12928439 
  2       2.79114648      65.58538750      56.58902272       1.12859725 
  2       2.78843079      37.75395000      79.64380975       1.12928439 
  2       2.73305264      25.41131250      98.50681733       1.12928328 
  2       2.79114648     -14.76276250      54.07395504       1.12859725 
  2       2.79100264     -14.76276250      75.03285234       1.12859649 
  2       2.73305264     -16.94087500      31.85752390       1.12928328 
  2       2.73305264      22.74917500      75.45203029       1.12928328 
  2       2.79114648      43.07822500      54.49313299       1.12859725 
  2       2.79114648      -9.43848750      61.61915807       1.12859725 
  2       2.78843079     120.03820000       0.00000000       1.12928439 
  2       2.79100264       9.92251250       4.61095741       1.12859649 
  2       2.79114648      -2.42012500      26.82738854       1.12859725 
  2       2.78843079       7.98641250     103.53695268       1.12928439 
  2       2.79100264      45.98237500      20.95889730       1.12859649 
  2       2.79114648       2.42012500      18.44382962       1.12859725 
