Pt       0.00000000       0.00000000       1.33624518 
Pt      -0.24201250       0.41917795       1.31940111 
Pt      -0.48402500       0.83835589       1.29768156 
Pt      -0.72603750       1.25753384       1.28707456 
Pt      -0.96805000       1.67671178       1.28872038 
Pt      -1.21006250       2.09588973       1.29916403 
Pt      -1.45207500       2.51506768       1.31202481 
Pt      -1.69408750       2.93424562       1.30866804 
Pt      -1.93610000       3.35342357       1.31457414 
Pt      -2.17811250       3.77260151       1.31987046 
Pt      -2.42012500       4.19177946       1.33290016 
Pt       0.48402500       0.00000000       1.32021191 
Pt       0.24201250       0.41917795       1.32441539 
Pt      -0.00000000       0.83835589       1.31359510 
Pt      -0.24201250       1.25753384       1.29874893 
Pt      -0.48402500       1.67671178       1.28983251 
Pt      -0.72603750       2.09588973       1.29182750 
Pt      -0.96805000       2.51506768       1.30255576 
Pt      -1.21006250       2.93424562       1.30517430 
Pt      -1.45207500       3.35342357       1.30913069 
Pt      -1.69408750       3.77260151       1.31403068 
Pt      -1.93610000       4.19177946       1.31913273 
Pt       0.96805000       0.00000000       1.29827715 
Pt       0.72603750       0.41917795       1.30640379 
Pt       0.48402500       0.83835589       1.31305339 
Pt       0.24201250       1.25753384       1.30915777 
Pt      -0.00000000       1.67671178       1.30689312 
Pt      -0.24201250       2.09588973       1.30429739 
Pt      -0.48402500       2.51506768       1.31114088 
Pt      -0.72603750       2.93424562       1.31251228 
Pt      -0.96805000       3.35342357       1.30720123 
Pt      -1.21006250       3.77260151       1.29938855 
Pt      -1.45207500       4.19177946       1.29827475 
Pt       1.45207500       0.00000000       1.28719482 
Pt       1.21006250       0.41917795       1.29512781 
Pt       0.96805000       0.83835589       1.30502964 
Pt       0.72603750       1.25753384       1.31271016 
Pt       0.48402500       1.67671178       1.30520829 
Pt       0.24201250       2.09588973       1.30944384 
Pt      -0.00000000       2.51506768       1.32022450 
Pt      -0.24201250       2.93424562       1.32376532 
Pt      -0.48402500       3.35342357       1.30465247 
Pt      -0.72603750       3.77260151       1.29016930 
Pt      -0.96805000       4.19177946       1.28719356 
Pt       1.93610000       0.00000000       1.28836761 
Pt       1.69408750       0.41917795       1.29693382 
Pt       1.45207500       0.83835589       1.31001193 
Pt       1.21006250       1.25753384       1.31288815 
Pt       0.96805000       1.67671178       1.31170195 
Pt       0.72603750       2.09588973       1.30255261 
Pt       0.48402500       2.51506768       1.30954482 
Pt       0.24201250       2.93424562       1.32468362 
Pt      -0.00000000       3.35342357       1.30990876 
Pt      -0.24201250       3.77260151       1.29175742 
Pt      -0.48402500       4.19177946       1.28836717 
Pt       2.42012500       0.00000000       1.29865535 
Pt       2.17811250       0.41917795       1.30650133 
Pt       1.93610000       0.83835589       1.31527398 
Pt       1.69408750       1.25753384       1.31634439 
Pt       1.45207500       1.67671178       1.31301745 
Pt       1.21006250       2.09588973       1.29878755 
Pt       0.96805000       2.51506768       1.29210759 
Pt       0.72603750       2.93424562       1.30504089 
Pt       0.48402500       3.35342357       1.31253855 
Pt       0.24201250       3.77260151       1.30216863 
Pt      -0.00000000       4.19177946       1.29865535 
Pt       2.90415000       0.00000000       1.30694173 
Pt       2.66213750       0.41917795       1.31304345 
Pt       2.42012500       0.83835589       1.32302480 
Pt       2.17811250       1.25753384       1.31745467 
Pt       1.93610000       1.67671178       1.32019073 
Pt       1.69408750       2.09588973       1.30650230 
Pt       1.45207500       2.51506768       1.28844370 
Pt       1.21006250       2.93424562       1.29026757 
Pt       0.96805000       3.35342357       1.30728319 
Pt       0.72603750       3.77260151       1.31024952 
Pt       0.48402500       4.19177946       1.30694167 
Pt       3.38817500       0.00000000       1.30872010 
Pt       3.14616250       0.41917795       1.31612513 
Pt       2.90415000       0.83835589       1.31636399 
Pt       2.66213750       1.25753384       1.31749157 
Pt       2.42012500       1.67671178       1.31746675 
Pt       2.17811250       2.09588973       1.31526974 
Pt       1.93610000       2.51506768       1.29683873 
Pt       1.69408750       2.93424562       1.28704508 
Pt       1.45207500       3.35342357       1.29923745 
Pt       1.21006250       3.77260151       1.30904047 
Pt       0.96805000       4.19177946       1.30872012 
Pt       3.87220000       0.00000000       1.30829403 
Pt       3.63018750       0.41917795       1.30519280 
Pt       3.38817500       0.83835589       1.30896297 
Pt       3.14616250       1.25753384       1.31547025 
Pt       2.90415000       1.67671178       1.31612842 
Pt       2.66213750       2.09588973       1.32045605 
Pt       2.42012500       2.51506768       1.30850255 
Pt       2.17811250       2.93424562       1.29479982 
Pt       1.93610000       3.35342357       1.29785798 
Pt       1.69408750       3.77260151       1.31364402 
Pt       1.45207500       4.19177946       1.31267578 
Pt       4.35622500       0.00000000       1.32281779 
Pt       4.11421250       0.41917795       1.30428718 
Pt       3.87220000       0.83835589       1.29520053 
Pt       3.63018750       1.25753384       1.29749309 
Pt       3.38817500       1.67671178       1.30881306 
Pt       3.14616250       2.09588973       1.31326677 
Pt       2.90415000       2.51506768       1.31297681 
Pt       2.66213750       2.93424562       1.30490447 
Pt       2.42012500       3.35342357       1.30432821 
Pt       2.17811250       3.77260151       1.31863385 
Pt       1.93610000       4.19177946       1.32386011 
Pt       4.84025000       0.00000000       1.33624260 
Pt       4.59823750       0.41917795       1.31839902 
Pt       4.35622500       0.83835589       1.29767814 
Pt       4.11421250       1.25753384       1.28707136 
Pt       3.87220000       1.67671178       1.28872036 
Pt       3.63018750       2.09588973       1.29916364 
Pt       3.38817500       2.51506768       1.30727209 
Pt       3.14616250       2.93424562       1.30866793 
Pt       2.90415000       3.35342357       1.31296900 
Pt       2.66213750       3.77260151       1.32312110
Pt       2.42012500       4.19177946       1.33624518 
