 Pt           R                 X                Y               E
  4       3.80705530       9.19647500      26.82738854       0.76884763 
  4       3.40871735      20.08703750      54.91231094       0.76719351 
  4       3.80781109      34.84980000      30.18081211       0.76884965 
  4       3.40600913      50.58061250      68.32600521       0.76744154 
  4       3.40575678      60.01910000      45.27121818       0.76744277 
  4       3.80781109      52.51671250     101.86024090       0.76884965 
  4       3.40600913      55.42086250      89.28490251       0.76744154 
  4       3.40532512     -36.78590000      93.05750402       0.76744319 
  4       3.80781109      20.81307500      72.93696261       0.76884965 
  4       3.80705530      78.17003750      34.79176953       0.76884763 
  4       3.40532512      34.12376250       3.77260151       0.76744319 
  4       3.80705530      42.11017500      50.30135353       0.76884763 
  4       3.80781109      34.36577500      15.09040606       0.76884965 
  4       3.80781109      45.25633750      11.31780454       0.76884965 
  4       3.40575678       5.08226250      33.95341364       0.76744277 
  4       3.80781109     105.51745000       2.51506768       0.76884965 
  4       3.40871735      86.15645000      22.63560908       0.76719351 
  4       3.40532512      65.82740000      60.36162423       0.76744319 
  4       3.40871735      81.55821250       9.64109276       0.76719351 
  4       3.40532512      -8.71245000      28.50410033       0.76744319 
  4       3.40600913      78.41205000      20.95889730       0.76744154 
  4       3.80781109      50.82262500      57.00820067       0.76884965 
  4       3.40600913     -23.95923750      75.87120824       0.76744154 
  4       3.40575678      86.64047500       0.83835589       0.76744277 
  4       3.40600913      61.22916250      37.30683720       0.76744154 
  4       3.80705530      54.93683750      20.53971935       0.76884763 
  4       3.40575678     -16.94087500      33.53423569       0.76744277 
  4       3.80781109      44.28828750      32.27670184       0.76884965 
  4       3.80781109      97.53103750       8.80273687       0.76884965 
  4       3.40575678       7.01836250       7.96438097       0.76744277 
  4       3.40600913      68.73155000      68.74518315       0.76744154 
  4       3.80781109       3.38817500      69.58353905       0.76884965 
  4       3.80705530     -36.54388750      82.57805537       0.76884763 
  4       3.40532512     -13.79471250      66.64929342       0.76744319 
  4       3.40600913      79.38010000      68.74518315       0.76744154 
  4       3.40532512      35.57583750      38.14519310       0.76744319 
  4       3.40532512      54.69482500      75.45203029       0.76744319 
  4       3.80781109      11.13257500      81.32052153       0.76884965 
  4       3.80781109      61.71318750      79.22463180       0.76884965 
  4       3.40532512      70.18362500      26.82738854       0.76744319 
  4       3.40532512       9.19647500      51.97806531       0.76744319 
  4       3.40575678      10.89056250      61.61915807       0.76744277 
  4       3.80781109      19.84502500      63.71504780       0.76884965 
  4       3.40532512      31.94565000      61.19998013       0.76744319 
  4       3.80705530      74.78186250      13.83287222       0.76884763 
  4       3.40532512       4.11421250      98.50681733       0.76744319 
  4       3.40600913      77.68601250      44.01368434       0.76744154 
  4       3.40871735      34.36577500      52.81642121       0.76719351 
  4       3.40532512      40.41608750      99.34517322       0.76744319 
  4       3.40600913      19.11898750      17.18629579       0.76744154 
  4       3.40532512      60.50312500      14.25205016       0.76744319 
  4       3.40600913      57.11495000       0.83835589       0.76744154 
  4       3.40600913      10.64855000      44.43286229       0.76744154 
  4       3.40575678      -0.72603750      50.72053148       0.76744277 
  4       3.40871735     103.33933750      22.21643114       0.76719351 
  4       3.80705530      37.51193750      89.28490251       0.76884763 
  4       3.40600913     -11.61660000      51.97806531       0.76744154 
  4       3.80705530      46.95042500      92.21914813       0.76884763 
  4       3.40871735      -5.80830000      79.64380975       0.76719351 
  4       3.40600913     -11.37458750     103.53695268       0.76744154 
  4       3.80705530      31.94565000      76.29038618       0.76884763 
  4       3.80705530      72.84576250      54.91231094       0.76884763 
  4       3.80781109      40.17407500      58.68491245       0.76884965 
  4       3.40575678      -1.93610000       6.70684714       0.76744277 
  4       3.40532512      87.85053750      49.88217558       0.76744319 
  4       3.80781109      -1.69408750      40.66026077       0.76884965 
  4       3.40532512     108.90562500      12.57533838       0.76744319 
  4       3.80781109     -14.27873750      75.87120824       0.76884965 
  4       3.40600913      65.58538750      87.60819072       0.76744154 
  4       3.80781109      -5.08226250      68.32600521       0.76884965 
  4       3.80705530      58.56702500      68.74518315       0.76884763 
  4       3.40575678      42.11017500      72.93696261       0.76744277 
  4       3.40871735      86.64047500      33.53423568       0.76719351 
  4       3.80705530      29.04150000      96.41092759       0.76884763 
  4       3.40871735     -53.96878750      98.50681733       0.76719351 
  4       3.80705530     -19.84502500      86.35065689       0.76884763 
  4       3.80781109     -21.53911250      59.94244629       0.76884965 
  4       3.80781109      69.21557500       4.19177946       0.76884965 
  4       3.40600913      95.35292500      36.88765926       0.76744154 
  4       3.80781109      -1.21006250      18.86300757       0.76884965 
  4       3.40532512      11.61660000      89.70408045       0.76744319 
  4       3.80705530      60.01910000      26.82738854       0.76884763 
  4       3.40871735      51.79067500      42.75615050       0.76719351 
  4       3.40600913      24.20125000       1.67671178       0.76744154 
  4       3.40575678     -21.53911250      95.99174964       0.76744277 
  4       3.80781109      24.20125000      33.53423569       0.76884965 
  4       3.80781109      23.71722500      88.86572456       0.76884965 
  4       3.40871735      16.45685000      97.24928349       0.76719351 
  4       3.80781109      25.65332500      42.75615050       0.76884965 
  4       3.40575678     -24.44326250      44.85204023       0.76744277 
  4       3.40871735     -10.16452500      89.70408045       0.76719351 
  4       3.80705530       3.87220000      88.02736867       0.76884763 
  4       3.40871735      -5.32427500      59.52326834       0.76719351 
  4       3.40600913      10.16452500      16.76711784       0.76744154 
  4       3.40575678      27.34741250      23.89314292       0.76744277 
  4       3.80705530      -9.43848750      44.01368434       0.76884763 
  4       3.80781109      96.07896250      27.24656649       0.76884965 
  4       3.40532512     -25.16930000      67.06847137       0.76744319 
  4       3.40871735      69.69960000      45.27121818       0.76719351 
  4       3.80781109      43.80426250      19.70136346       0.76884965 
