 Pt           R                 X                Y               E
  2       2.97661120      58.80973890      11.32477336       1.10750419 
  2       3.02835400      83.91951505      47.13554318       1.09970170 
  2       2.89589180     107.04694046      40.40189415       1.10750419 
  2       2.89589180      35.68231349      28.77104584       1.10750419 
  2       3.02186050      84.58029864      33.66824513       1.09778751 
  2       3.00569040      69.38227623       1.83644973       1.10494276 
  2       3.00569040       1.32156717      44.68694353       1.10494276 
  2       2.89589180      78.63324639      43.76871867       1.10750419 
  2       3.02186050     103.74302255       8.87617372       1.09778751 
  2       3.02186050     100.43910463      15.30374778       1.09778751 
  2       2.89589180      81.93716430       9.48832363       1.10750419 
  2       3.02835400      38.98623140      16.22197265       1.09970170 
  2       2.97661120      27.75291049      33.66824513       1.10750419 
  2       2.89589180     111.01164196      29.38319575       1.10750419 
  2       2.97661120      19.16272391      35.81076982       1.10750419 
  2       3.02835400      92.50970163      16.52804761       1.09970170 
  2       3.02186050       8.59018658       6.42757407       1.09778751 
  2       3.02835400      15.19802241       3.36682451       1.09970170 
  2       3.02835400      71.36462697       9.18224867       1.09970170 
  2       3.00569040     104.40380613       2.75467460       1.10494276 
  2       2.89589180      46.91563440      44.07479362       1.10750419 
  2       2.89589180      65.41757473      29.07712079       1.10750419 
  2       3.02186050      89.20578372      10.40654849       1.09778751 
  2       2.89589180      30.39604482      23.56777159       1.10750419 
  2       2.97661120       3.30391792      34.89254495       1.10750419 
  2       2.97661120      70.70384339      37.64721955       1.10750419 
  2       3.02186050       6.60783583      18.97664725       1.09778751 
  2       3.00569040      58.14895531      24.79207141       1.10494276 
  2       3.02835400      27.09212691      16.83412256       1.09970170 
  2       3.02835400      40.30779857      33.97432008       1.09970170 
  2       3.02835400      60.79208965      42.85049380       1.09970170 
  2       2.97661120      76.65089564      29.07712079       1.10750419 
  2       3.00569040      30.39604482      42.23834389       1.10494276 
  2       3.00569040      55.50582098      51.72666751       1.10494276 
  2       3.00569040      68.06070906      16.52804761       1.10494276 
  2       3.02835400      50.21955232      35.81076982       1.09970170 
  2       3.00569040      29.73526124       6.73364903       1.10494276 
  2       2.89589180      80.61559714      17.44627247       1.10750419 
  2       2.97661120      17.18037316      28.46497088       1.10750419 
  2       3.00569040      17.84115674      15.91589770       1.10494276 
  2       3.02835400       8.59018658      44.68694353       1.09970170 
  2       3.00569040      88.54500014      40.70796911       1.10494276 
  2       3.02835400      97.13518672      30.30142061       1.09970170 
  2       3.02835400      97.79597030      40.09581920       1.09970170 
  2       2.89589180       7.92940300      27.24067106       1.10750419 
  2       3.02186050      96.47440313       6.73364903       1.09778751 
  2       3.00569040       1.32156717       0.91822487       1.10494276 
  2       3.02186050      78.63324639      37.03506964       1.09778751 
  2       3.02186050      13.21567166      38.25936946       1.09778751 
  2       2.89589180      35.02152990      50.50236769       1.10750419 
  2       2.89589180      23.78820899       9.79439858       1.10750419 
  2       2.97661120      43.61171648      49.27806787       1.10750419 
  2       3.00569040      39.64701499       9.48832363       1.10494276 
  2       3.02835400      52.86268665      12.24299823       1.09970170 
  2       3.02186050      15.85880599      48.97199291       1.09778751 
  2       3.02835400      87.88421655       3.36682451       1.09970170 
  2       2.89589180      56.82738815      17.44627247       1.10750419 
  2       2.97661120      44.93328365      21.11917194       1.10750419 
  2       2.89589180     111.67242554      23.56777159       1.10750419 
  2       2.97661120      46.91563440       2.44859965       1.10750419 
  2       3.02186050      72.68619414      21.42524690       1.09778751 
  2       3.00569040     104.40380613      23.26169663       1.10494276 
  2       3.02186050      99.77832105      49.89021778       1.09778751 
  2       3.02186050      50.88033590      27.24067106       1.09778751 
  2       3.02835400      89.86656730      27.24067106       1.09970170 
  2       3.00569040      23.12742541      43.46264371       1.10494276 
  2       3.00569040      62.11365681       3.06074956       1.10494276 
  2       2.97661120     106.38615688      48.97199291       1.10750419 
  2       3.02186050      68.06070906      43.76871867       1.09778751 
  2       2.97661120     106.38615688      16.83412256       1.10750419 
  2       3.00569040      27.09212691      50.50236769       1.10494276 
  2       2.97661120      93.83126880      46.82946822       1.10750419 
  2       3.02835400       1.98235075       8.57009876       1.09970170 
  2       3.02186050      56.16660456      32.13787035       1.09778751 
  2       3.02835400      38.32544782      44.68694353       1.09970170 
  2       3.02835400      95.15283597      23.56777159       1.09970170 
  2       2.89589180      54.18425381       5.81542416       1.10750419 
  2       3.02835400      23.78820899      22.64954672       1.09970170 
  2       2.89589180     104.40380613      30.30142061       1.10750419 
  2       3.00569040      64.09600756      49.27806787       1.10494276 
  2       2.89589180      61.45287323      35.81076982       1.10750419 
  2       2.89589180      53.52347023      41.93226893       1.10750419 
  2       3.02186050      83.25873147      25.40422132       1.09778751 
  2       3.02186050      40.30779857       2.44859965       1.09778751 
  2       2.97661120       9.25097016       0.00000000       1.10750419 
  2       2.97661120      75.32932847      50.19629273       1.10750419 
  2       2.97661120      38.98623140      22.34347177       1.10750419 
  2       3.02835400      42.95093290      26.93459610       1.09970170 
  2       2.97661120      33.69996274      36.42291973       1.10750419 
  2       2.97661120      15.19802241       9.79439858       1.10750419 
  2       3.00569040       0.00000000      15.30374778       1.10494276 
  2       2.97661120      78.63324639       4.59112434       1.10750419 
  2       3.00569040      64.75679114      21.73132185       1.10494276 
  2       2.89589180      16.51958958      22.34347177       1.10750419 
  2       2.89589180      33.03917915      14.99767283       1.10750419 
  2       3.02186050      44.93328365      12.85514814       1.09778751 
  2       3.02186050      86.56264939      17.75234743       1.09778751 
  2       3.02186050      51.54111948      20.50702203       1.09778751 
  2       3.02835400      74.00776131      15.30374778       1.09970170 
  2       3.02186050      22.46664183       3.67289947       1.09778751 
