 Pt           R                 X                Y               E
  4       3.40575678       8.47043750      90.96161429       0.76744277 
  4       3.40575678      24.68527500      91.38079224       0.76744277 
  4       3.40575678      68.48953750      59.10409040       0.76744277 
  4       3.80705530      31.94565000      95.57257170       0.76884763 
  4       3.40600913     -10.40653750      32.27670184       0.76744154 
  4       3.40532512     -40.65810000      71.26025083       0.76744319 
  4       3.80781109     -46.95042500      92.21914813       0.76884965 
  4       3.40600913       8.71245000      25.15067676       0.76744154 
  4       3.40532512     -11.61660000      41.91779461       0.76744319 
  4       3.40575678      76.71796250      47.36710791       0.76744277 
  4       3.40600913     -27.58942500      89.70408045       0.76744154 
  4       3.40575678      43.32023750      22.21643114       0.76744277 
  4       3.80705530      -4.84025000      75.45203029       0.76884763 
  4       3.40575678      36.05986250      17.18629579       0.76744277 
  4       3.40871735      21.53911250      43.17532845       0.76719351 
  4       3.80781109      83.49431250      51.55888737       0.76884965 
  4       3.40871735      94.62688750       0.41917795       0.76719351 
  4       3.40532512      56.87293750      32.27670184       0.76744319 
  4       3.40532512      23.47521250      75.03285234       0.76744319 
  4       3.40575678      18.63496250      32.27670184       0.76744277 
  4       3.40871735      47.91847500      55.33148888       0.76719351 
  4       3.40600913      43.07822500      46.10957407       0.76744154 
  4       3.40600913      21.53911250     101.02188501       0.76744154 
  4       3.40532512      83.25230000      15.09040606       0.76744319 
  4       3.40871735      34.84980000      25.15067676       0.76719351 
  4       3.80781109      -9.19647500      92.21914813       0.76884965 
  4       3.40600913     -35.57583750      90.12325840       0.76744154 
  4       3.40600913     102.85531250      17.18629579       0.76744154 
  4       3.40600913      39.69005000      65.39175959       0.76744154 
  4       3.40532512     111.32575000       7.54520303       0.76744319 
  4       3.40871735      53.00073750      43.17532845       0.76719351 
  4       3.40532512      75.50790000      33.53423568       0.76744319 
  4       3.40532512      10.89056250      12.15616043       0.76744319 
  4       3.40575678      35.57583750      72.51778467       0.76744277 
  4       3.40871735      56.38891250      17.18629579       0.76719351 
  4       3.40532512      -4.59823750      47.36710791       0.76744319 
  4       3.40575678      66.55343750      85.09312305       0.76744277 
  4       3.40871735     -19.84502500      41.91779461       0.76719351 
  4       3.40575678      10.40653750      44.85204023       0.76744277 
  4       3.40871735      -6.77635000      57.00820067       0.76719351 
  4       3.40600913      75.99192500      64.55340369       0.76744154 
  4       3.40575678      20.32905000      21.79725319       0.76744277 
  4       3.40600913      26.37936250      64.13422575       0.76744154 
  4       3.80705530      15.97282500      81.32052153       0.76884763 
  4       3.80705530      61.71318750      94.31503786       0.76884763 
  4       3.80705530      88.33456250      21.37807525       0.76884763 
  4       3.80781109      67.52148750      72.51778467       0.76884965 
  4       3.40871735      44.53030000      32.69587979       0.76719351 
  4       3.40871735      -6.77635000      65.39175959       0.76719351 
  4       3.40871735      65.10136250      11.31780454       0.76719351 
  4       3.40871735      76.23393750      25.56985471       0.76719351 
  4       3.40575678      41.14212500       4.19177946       0.76744277 
  4       3.40575678      58.08300000     101.44106295       0.76744277 
  4       3.40532512     -33.15571250      78.38627591       0.76744319 
  4       3.40532512       1.93610000      63.71504780       0.76744319 
  4       3.40532512      18.63496250      13.83287222       0.76744319 
  4       3.40871735     -23.23320000      81.32052153       0.76719351 
  4       3.40871735      -2.42012500      98.08763938       0.76719351 
  4       3.40600913      40.65810000      80.48216564       0.76744154 
  4       3.40575678     -20.81307500      52.81642121       0.76744277 
  4       3.80705530      68.48953750      18.86300757       0.76884763 
  4       3.40575678      33.88175000      41.91779461       0.76744277 
  4       3.40532512     -26.62137500      62.87669191       0.76744319 
  4       3.40871735      38.23797500      88.86572456       0.76719351 
  4       3.40575678       1.93610000      42.75615050       0.76744277 
  4       3.40532512      18.63496250       5.44931330       0.76744319 
  4       3.40575678      12.10062500      74.61367440       0.76744277 
  4       3.40871735     -16.94087500      86.35065689       0.76719351 
  4       3.40600913      -8.47043750      84.25476716       0.76744154 
  4       3.40532512     -43.32023750      83.41641126       0.76744319 
  4       3.40532512      45.49835000      72.93696261       0.76744319 
  4       3.40600913      14.27873750     104.37530857       0.76744154 
  4       3.80705530      53.96878750      87.60819072       0.76884763 
  4       3.40600913      -1.93610000      28.50410033       0.76744154 
  4       3.40600913     -20.57106250      71.67942878       0.76744154 
  4       3.40575678      39.69005000      54.49313299       0.76744277 
  4       3.40532512     -11.37458750      22.21643114       0.76744319 
  4       3.40871735      84.46236250      32.27670184       0.76719351 
  4       3.80781109      48.64451250       0.41917795       0.76884965 
  4       3.40532512      26.86338750       8.80273687       0.76744319 
  4       3.80781109       5.80830000      51.97806531       0.76884965 
  4       3.40532512      55.42086250      74.19449645       0.76744319 
  4       3.40532512      74.78186250       7.96438097       0.76744319 
  4       3.40532512      43.56225000      95.57257170       0.76744319 
  4       3.40575678      60.74513750      24.73149881       0.76744277 
  4       3.40532512      -1.69408750       5.44931330       0.76744319 
  4       3.80705530      63.89130000      46.94792996       0.76884763 
  4       3.40600913      64.13331250      34.79176953       0.76744154 
  4       3.80705530     -23.23320000     100.60270706       0.76884763 
  4       3.40532512       2.90415000      11.73698249       0.76744319 
  4       3.40600913      89.54462500      45.27121818       0.76744154 
  4       3.40600913       9.43848750      59.10409040       0.76744154 
  4       3.80705530      57.84098750       4.61095741       0.76884763 
  4       3.80781109       4.84025000     103.95613063       0.76884965 
  4       3.80781109      -1.21006250      20.53971935       0.76884965 
  4       3.40871735      -2.66213750      36.46848131       0.76719351 
  4       3.40532512     -34.12376250     104.37530857       0.76744319 
  4       3.40871735      31.94565000      80.48216564       0.76719351 
  4       3.40575678      96.32097500      31.01916800       0.76744277 
  4       3.80705530     -46.22438750     101.02188501       0.76884763 
