 Pt           R                 X                Y               E
  3       2.98361137      48.16048750      57.42737861       0.94983639 
  3       2.97440047      28.55747500      44.43286229       0.95417737 
  3       2.98361137      38.96401250      98.50681733       0.94983639 
  3       2.97592016     -30.25156250      67.48764932       0.95061838 
  3       2.97592016      32.67168750      30.59999006       0.95061838 
  3       3.10320453       5.80830000      41.07943872       0.95054819 
  3       3.10320453      22.99118750      64.13422575       0.95054819 
  3       3.10320453       2.66213750      81.73969948       0.95054819 
  3       2.97561209      93.65883750      12.99451633       0.95418000 
  3       3.10320453     -20.81307500      68.74518315       0.95054819 
  3       3.10320453     -44.28828750      80.90134359       0.95054819 
  3       2.98361137      77.20198750      64.13422575       0.94983639 
  3       3.10320453      15.73081250      25.56985471       0.95054819 
  3       2.98667235     -54.93683750     104.37530857       0.95968591 
  3       2.97440047      21.78112500      81.32052153       0.95417737 
  3       2.97592016      20.57106250      18.02465168       0.95061838 
  3       2.97592016     -39.69005000      89.70408045       0.95061838 
  3       2.97440047     -15.73081250      76.70956413       0.95417737 
  3       3.10320453       4.35622500       6.70684714       0.95054819 
  3       3.10320453     -37.26992500      67.06847137       0.95054819 
  3       2.97592016      70.18362500      24.31232087       0.95061838 
  3       2.97440047      60.26111250      63.29586986       0.95417737 
  3       3.10320453      13.79471250       7.12602508       0.95054819 
  3       2.97042544      -3.14616250      56.58902272       0.95472066 
  3       3.13507762     -42.11017500      97.24928349       0.96177741 
  3       2.97592016      84.70437500      34.37259158       0.95061838 
  3       2.98361137      68.48953750      82.57805537       0.94983639 
  3       2.97592016      42.59420000      77.12874207       0.95061838 
  3       2.98361137      38.47998750      33.95341364       0.94983639 
  3       3.10320453     -17.42490000      97.24928349       0.95054819 
  3       3.10320453      65.34337500      30.18081211       0.95054819 
  3       2.98361137       4.84025000     102.27941884       0.94983639 
  3       2.97592016      -0.72603750      26.40821060       0.95061838 
  3       3.10320453      64.37532500      90.54243635       0.95054819 
  3       2.97592016      56.87293750     103.53695268       0.95061838 
  3       2.97592016       8.22842500      68.74518315       0.95061838 
  3       2.97440047      48.64451250      92.63832608       0.95417737 
  3       2.98361137      68.73155000      74.61367440       0.94983639 
  3       3.10320453     -13.06867500      82.99723332       0.95054819 
  3       2.97592016      73.57180000      31.85752390       0.95061838 
  3       2.98361137     -35.09181250     102.69859679       0.94983639 
  3       2.98361137      46.46640000      20.95889730       0.94983639 
  3       2.97042544     -13.06867500      50.30135353       0.95472066 
  3       2.98361137     107.21153750      10.47944865       0.94983639 
  3       3.10320453      38.72200000       1.67671178       0.95054819 
  3       2.97561209       6.05031250      95.99174964       0.95418000 
  3       3.10320453      46.95042500      99.76435117       0.95054819 
  3       2.97440047      90.51267500      23.47396498       0.95417737 
  3       2.98361137      84.22035000      18.44382962       0.94983639 
  3       2.97592016      56.38891250      21.37807525       0.95061838 
  3       2.98361137     -25.89533750      83.41641126       0.94983639 
  3       2.97592016      66.06941250      18.02465168       0.95061838 
  3       2.97592016     -27.34741250      47.36710791       0.95061838 
  3       2.98361137      64.85935000      38.56437104       0.94983639 
  3       2.97592016      -5.80830000      70.42189494       0.95061838 
  3       2.98361137      23.47521250      27.24656649       0.94983639 
  3       2.97592016      52.27470000       3.35342357       0.95061838 
  3       2.98361137     -33.88175000      58.68491245       0.94983639 
  3       3.10320453      -0.24201250      48.20546380       0.95054819 
  3       2.97592016      33.88175000       9.22191481       0.95061838 
  3       2.98361137      37.26992500      20.95889730       0.94983639 
  3       3.10320453      23.95923750      70.84107288       0.95054819 
  3       2.97592016      -1.93610000      62.87669191       0.95061838 
  3       2.98361137      23.47521250      34.79176953       0.94983639 
  3       2.97592016      30.00955000      73.77531851       0.95061838 
  3       2.98361137       3.87220000      73.77531851       0.94983639 
  3       2.97042544     -18.63496250      34.79176953       0.95472066 
  3       2.98361137      30.97760000      88.02736867       0.94983639 
  3       2.97592016      29.28351250      58.26573450       0.95061838 
  3       2.97592016      52.03268750      13.83287222       0.95061838 
  3       3.10320453      75.99192500      46.94792996       0.95054819 
  3       3.10320453     -30.97760000      78.80545386       0.95054819 
  3       3.10320453      56.63092500      31.01916800       0.95054819 
  3       2.97592016      12.34263750      91.79997018       0.95061838 
  3       3.10320453      36.30187500      50.30135353       0.95054819 
  3       2.98361137      20.08703750      90.96161429       0.94983639 
  3       3.10320453      14.03672500      37.72601515       0.95054819 
  3       2.97592016      59.53507500       1.67671178       0.95061838 
  3       2.97592016      49.12853750      82.57805537       0.95061838 
  3       2.97592016      73.81381250      54.91231094       0.95061838 
  3       2.97440047      78.41205000       0.83835589       0.95417737 
  3       3.10320453      18.87697500      47.78628585       0.95054819 
  3       2.98361137      25.65332500      95.57257170       0.94983639 
  3       3.10320453     -48.64451250      95.15339375       0.95054819 
  3       2.98361137      65.58538750      45.69039612       0.94983639 
  3       2.97592016      46.46640000      39.40272693       0.95061838 
  3       2.98361137      91.48072500       5.03013535       0.94983639 
  3       3.10320453      38.72200000      65.39175959       0.95054819 
  3       3.10320453     -26.62137500      89.70408045       0.95054819 
  3       3.10320453      64.85935000       5.03013535       0.95054819 
  3       2.98361137      -2.42012500      39.40272693       0.94983639 
  3       2.98361137     -14.52075000      64.55340369       0.94983639 
  3       3.10320453      31.21961250       0.41917795       0.95054819 
  3       3.10320453      10.16452500      20.95889730       0.95054819 
  3       2.98361137      59.53507500      72.93696261       0.94983639 
  3       2.98361137      83.25230000      50.30135353       0.94983639 
  3       2.98702001       7.26037500      58.68491245       0.95970682 
  3       2.97592016     -13.79471250      40.66026077       0.95061838 
  3       2.97592016      -0.24201250      15.50958400       0.95061838 
  3       2.97042544      81.55821250      26.40821060       0.95472066 
