 Pt           R                 X                Y               E
 10       4.63337220     112.99399271       8.26402380      -0.37404952 
 10       4.63337220      77.31167922      30.60749557      -0.37404952 
 10       4.63337220     147.35473903      49.58414282      -0.37404952 
 10       4.63337220      85.90186580      52.33881742      -0.37404952 
 10       4.63337220      61.45287323      44.07479362      -0.37404952 
 10       4.63337220      67.39992548      61.21499114      -0.37404952 
 10       4.63337220      28.41369407      70.39723981      -0.37404952 
 10       4.63337220     116.95869421      73.76406432      -0.37404952 
 10       4.63337220      42.29014932       3.36682451      -0.37404952 
 10       4.63337220     100.43910463      68.56079008      -0.37404952 
 10       4.63337220     142.72925395      36.11684477      -0.37404952 
 10       4.63337220     149.99787336      22.34347177      -0.37404952 
 10       4.63337220      96.47440313      47.44161813      -0.37404952 
 10       4.63337220     124.88809721      13.16122310      -0.37404952 
 10       4.63337220     160.57041069      26.01637123      -0.37404952 
 10       4.63337220      90.52735088      21.42524690      -0.37404952 
 10       4.63337220      85.90186580       0.30607496      -0.37404952 
 10       4.63337220     114.31555988      29.99534566      -0.37404952 
 10       4.63337220     132.81750020      29.07712079      -0.37404952 
 10       4.63337220      70.70384339      17.75234743      -0.37404952 
 10       4.63337220     107.70772405      22.95562168      -0.37404952 
 10       4.63337220      50.21955232      50.80844265      -0.37404952 
 10       4.63337220      16.51958958      41.32011902      -0.37404952 
 10       4.63337220     163.87432861       7.03972398      -0.37404952 
 10       4.63337220     153.30179128      39.17759433      -0.37404952 
 10       4.63337220      28.41369407      21.73132185      -0.37404952 
 10       4.63337220      32.37839557      61.21499114      -0.37404952 
 10       4.63337220      48.23720157      64.88789061      -0.37404952 
 10       4.63337220     137.44298528      14.38552292      -0.37404952 
 10       4.63337220     134.13906737      54.78741707      -0.37404952 
 10       4.63337220       7.92940300      70.70331477      -0.37404952 
 10       4.63337220      38.32544782      21.42524690      -0.37404952 
 10       4.63337220      41.62936574      33.05609522      -0.37404952 
 10       4.63337220      99.11753746      33.36217017      -0.37404952 
 10       4.63337220      24.44899257      12.24299823      -0.37404952 
 10       4.63337220      58.14895531      29.07712079      -0.37404952 
 10       4.63337220      67.39992548      74.68228919      -0.37404952 
 10       4.63337220      89.20578372      35.50469486      -0.37404952 
 10       4.63337220       0.00000000      41.93226893      -0.37404952 
 10       4.63337220     151.98022411      74.37621424      -0.37404952 
 10       4.63337220       3.96470150      57.23601672      -0.37404952 
 10       4.63337220      33.03917915       7.34579894      -0.37404952 
 10       4.63337220     136.78220170       0.91822487      -0.37404952 
 10       4.63337220     138.76455245      44.99301849      -0.37404952 
 10       4.63337220      32.37839557      34.89254495      -0.37404952 
 10       4.63337220     147.35473903      10.40654849      -0.37404952 
 10       4.63337220     157.26649278      49.58414282      -0.37404952 
 10       4.63337220      79.95481356      65.80611548      -0.37404952 
 10       4.63337220     108.36850763      60.60284123      -0.37404952 
 10       4.63337220      64.09600756      10.10047354      -0.37404952 
 10       4.63337220      35.02152990      51.72666751      -0.37404952 
 10       4.63337220     107.70772405      43.46264371      -0.37404952 
 10       4.63337220      97.13518672      10.40654849      -0.37404952 
 10       4.63337220       5.94705225      27.24067106      -0.37404952 
 10       4.63337220     126.87044796      44.68694353      -0.37404952 
 10       4.63337220     118.94104496      52.33881742      -0.37404952 
 10       4.63337220      27.75291049      44.99301849      -0.37404952 
 10       4.63337220      16.51958958      19.28272221      -0.37404952 
 10       4.63337220     120.92339571      65.19396556      -0.37404952 
 10       4.63337220      52.20190306      11.32477336      -0.37404952 
 10       4.63337220      39.64701499      69.47901494      -0.37404952 
 10       4.63337220     141.40768678      69.17293999      -0.37404952 
 10       4.63337220      46.25485082      42.23834389      -0.37404952 
 10       4.63337220     157.26649278      63.66359079      -0.37404952 
 10       4.63337220      58.80973890      55.70564194      -0.37404952 
 10       4.63337220      70.04305981      39.78974424      -0.37404952 
 10       4.63337220      19.16272391      71.62153963      -0.37404952 
 10       4.63337220     163.21354503      71.31546468      -0.37404952 
 10       4.63337220      73.34697772      52.64489238      -0.37404952 
 10       4.63337220      24.44899257      55.39956698      -0.37404952 
 10       4.63337220     123.56653004      22.34347177      -0.37404952 
 10       4.63337220      57.48817173      19.58879716      -0.37404952 
 10       4.63337220      96.47440313      59.07246645      -0.37404952 
 10       4.63337220      57.48817173      68.56079008      -0.37404952 
 10       4.63337220      80.61559714      12.85514814      -0.37404952 
 10       4.63337220      79.95481356      44.99301849      -0.37404952 
 10       4.63337220     130.17436587      64.58181565      -0.37404952 
 10       4.63337220      11.23332091      10.10047354      -0.37404952 
 10       4.63337220      15.19802241      50.80844265      -0.37404952 
 10       4.63337220      21.14507466      30.91357053      -0.37404952 
 10       4.63337220      48.89798515      25.71029628      -0.37404952 
 10       4.63337220      91.18813447      67.33649025      -0.37404952 
 10       4.63337220     118.28026137      41.01404406      -0.37404952 
 10       4.63337220      75.32932847       4.89719929      -0.37404952 
 10       4.63337220      15.85880599      62.13321601      -0.37404952 
 10       4.63337220     127.53123154       0.00000000      -0.37404952 
 10       4.63337220     145.37238828      60.60284123      -0.37404952 
 10       4.63337220     107.04694046      75.29443910      -0.37404952 
 10       4.63337220      55.50582098       1.83644973      -0.37404952 
 10       4.63337220       3.96470150      16.83412256      -0.37404952 
 10       4.63337220     157.26649278      16.22197265      -0.37404952 
 10       4.63337220      68.06070906      28.15889592      -0.37404952 
 10       4.63337220     124.22731362      33.05609522      -0.37404952 
 10       4.63337220      42.29014932      57.54209167      -0.37404952 
 10       4.63337220       7.92940300      36.42291973      -0.37404952 
 10       4.63337220     140.74690320      23.56777159      -0.37404952 
 10       4.63337220      42.95093290      13.16122310      -0.37404952 
 10       4.63337220      96.47440313       0.91822487      -0.37404952 
 10       4.63337220      24.44899257       2.75467460      -0.37404952 
 10       4.63337220     115.63712704      17.44627247      -0.37404952 
