 Pt           R                 X                Y               E
  6       4.28919697      31.94565000      74.61367440       0.37688221 
  6       4.28919697     -10.40653750      92.63832608       0.37688221 
  6       4.28919697     -22.74917500      39.40272693       0.37688221 
  6       4.28919697      68.24752500      62.03833602       0.37688221 
  6       4.14839347     -20.81307500      51.97806531       0.38046857 
  6       4.28919697      61.47117500      19.28218552       0.37688221 
  6       4.28919697       4.11421250      74.19449645       0.37688221 
  6       4.28919697      48.40250000     100.60270706       0.37688221 
  6       4.28919697      68.24752500      29.34245622       0.37688221 
  6       4.28919697      46.70841250      54.91231094       0.37688221 
  6       4.14839347      81.80022500      33.53423569       0.38046857 
  6       4.28919697     -31.94565000     103.11777474       0.37688221 
  6       4.14839347      77.92802500      15.09040606       0.38046857 
  6       4.28919697       8.71245000      62.87669191       0.37688221 
  6       4.28919697      90.99670000      46.10957407       0.37688221 
  6       4.28919697      39.69005000      82.15887743       0.37688221 
  6       4.28919697      13.06867500      42.75615050       0.37688221 
  6       4.28919697      32.91370000      88.02736867       0.37688221 
  6       4.28919697      56.63092500       7.54520303       0.37688221 
  6       4.28919697       0.24201250      83.41641126       0.37688221 
  6       4.28919697      69.21557500       3.35342357       0.37688221 
  6       4.14839347      39.20602500      25.15067676       0.38046857 
  6       4.28919697      32.91370000      62.03833602       0.37688221 
  6       4.28919697      58.56702500      98.08763938       0.37688221 
  6       4.28919697      46.95042500      36.88765926       0.37688221 
  6       4.14839347      15.73081250      56.58902272       0.38046857 
  6       4.28919697      47.67646250      18.02465168       0.37688221 
  6       4.28919697      75.50790000      41.07943872       0.37688221 
  6       4.14839347     111.56776250       5.44931330       0.38046857 
  6       4.28919697      76.95997500      25.15067676       0.37688221 
  6       4.28919697      -8.95446250      52.39724326       0.37688221 
  6       4.28919697      27.10540000      11.73698249       0.37688221 
  6       4.14839347      68.24752500      87.18901278       0.38046857 
  6       4.28919697      17.42490000      66.23011548       0.37688221 
  6       4.14839347      85.18840000       8.38355892       0.38046857 
  6       4.14839347      -9.92251250      41.49861666       0.38046857 
  6       4.28919697      22.26515000      43.59450639       0.37688221 
  6       4.14839347     -38.47998750      84.25476716       0.38046857 
  6       4.14839347      48.88652500      88.02736867       0.38046857 
  6       4.28919697      15.48880000      74.61367440       0.37688221 
  6       4.28919697      20.08703750      94.31503786       0.37688221 
  6       4.28919697     -14.76276250     104.37530857       0.37688221 
  6       4.28919697     -42.35218750     104.37530857       0.37688221 
  6       4.14839347     -24.68527500      63.71504780       0.38046857 
  6       4.28919697       7.50238750      54.07395504       0.37688221 
  6       4.28919697      55.90488750      45.69039612       0.37688221 
  6       4.28919697      37.02791250      47.36710791       0.37688221 
  6       4.28919697     -29.28351250      94.31503786       0.37688221 
  6       4.14839347      60.74513750      75.03285234       0.38046857 
  6       4.28919697     -12.10062500      21.79725319       0.37688221 
  6       4.28919697     -39.93206250      70.00271699       0.37688221 
  6       4.28919697      42.11017500      65.39175959       0.37688221 
  6       4.28919697      65.58538750      38.98354899       0.37688221 
  6       4.28919697      93.65883750      13.83287222       0.37688221 
  6       4.28919697       8.95446250       2.93424562       0.37688221 
  6       4.28919697      25.16930000      82.15887743       0.37688221 
  6       4.14839347      56.14690000      62.87669191       0.38046857 
  6       4.28919697      74.78186250      79.22463180       0.37688221 
  6       4.28919697      16.94087500      10.06027070       0.37688221 
  6       4.28919697      82.52626250      52.39724326       0.37688221 
  6       4.28919697      -8.95446250      61.61915807       0.37688221 
  6       4.28919697       2.66213750      21.37807525       0.37688221 
  6       4.28919697      26.13735000      31.85752390       0.37688221 
  6       4.28919697     -15.48880000      77.96709797       0.37688221 
  6       4.28919697      -0.24201250      63.29586986       0.37688221 
  6       4.28919697     102.61330000      13.41369427       0.37688221 
  6       4.28919697      91.23871250      33.95341364       0.37688221 
  6       4.28919697      -6.53433750      75.87120824       0.37688221 
  6       4.28919697      97.77305000       0.00000000       0.37688221 
  6       4.28919697     -27.83143750      85.09312305       0.37688221 
  6       4.14839347      50.82262500      72.09860672       0.38046857 
  6       4.28919697     -30.49357500      70.42189494       0.37688221 
  6       4.28919697      63.16526250      51.55888737       0.37688221 
  6       4.14839347       1.69408750      12.15616043       0.38046857 
  6       4.28919697       8.47043750      98.50681733       0.37688221 
  6       4.28919697      37.75395000      10.89862660       0.37688221 
  6       4.28919697      29.04150000      96.41092760       0.37688221 
  6       4.28919697      12.82666250      85.93147894       0.37688221 
  6       4.28919697     -50.09658750      96.83010555       0.37688221 
  6       4.14839347      59.77708750      84.25476716       0.38046857 
  6       4.28919697       4.11421250      40.66026077       0.37688221 
  6       4.14839347      29.04150000      20.95889730       0.38046857 
  6       4.28919697      55.42086250      33.95341364       0.37688221 
  6       4.28919697      -3.63018750     103.53695268       0.37688221 
  6       4.28919697      81.31620000       0.00000000       0.37688221 
  6       4.28919697      93.90085000      24.31232087       0.37688221 
  6       4.28919697       3.14616250      31.43834595       0.37688221 
  6       4.28919697      18.39295000      20.95889730       0.37688221 
  6       4.28919697     -14.52075000      33.53423569       0.37688221 
  6       4.28919697      72.11972500      52.81642121       0.37688221 
  6       4.28919697      26.13735000      51.97806531       0.37688221 
  6       4.28919697     -20.57106250      95.99174964       0.37688221 
  6       4.28919697      33.88175000      37.72601515       0.37688221 
  6       4.28919697     -24.20125000      76.29038618       0.37688221 
  6       4.28919697      16.45685000      33.53423568       0.37688221 
  6       4.18055781      82.28425000      61.19998013       0.38931809 
  6       4.28919697      -1.69408750      95.15339375       0.37688221 
  6       4.28919697     -38.23797500      96.41092759       0.37688221 
  6       4.28919697      40.17407500      96.41092759       0.37688221 
  6       4.28919697      85.18840000      20.95889730       0.37688221 
