 Pt           R                 X                Y               E
  3       2.98361137      40.41608750      64.97258164       0.94983639 
  3       2.98361137      71.15167500      20.95889730       0.94983639 
  3       2.98361137      58.08300000      18.44382962       0.94983639 
  3       2.98361137       0.72603750      77.54792002       0.94983639 
  3       2.98361137     -19.60301250      49.04381969       0.94983639 
  3       2.98361137     -14.27873750      73.35614056       0.94983639 
  3       2.98361137      -6.53433750      70.00271699       0.94983639 
  3       2.98361137      10.64855000      38.56437104       0.94983639 
  3       2.98361137     -40.65810000      93.05750402       0.94983639 
  3       2.98361137     -19.60301250      85.09312305       0.94983639 
  3       2.98361137      41.62615000      95.57257170       0.94983639 
  3       2.98361137     -18.39295000      62.87669191       0.94983639 
  3       2.98361137      15.73081250      85.09312305       0.94983639 
  3       2.98361137      33.39772500      92.21914813       0.94983639 
  3       2.98361137      57.11495000     100.60270706       0.94983639 
  3       2.98361137      52.03268750      14.67122811       0.94983639 
  3       2.98361137      66.06941250      36.46848131       0.94983639 
  3       2.98361137     -42.11017500     104.79448652       0.94983639 
  3       2.98361137      58.08300000      67.06847137       0.94983639 
  3       2.98361137      40.17407500     104.79448652       0.94983639 
  3       2.98361137      76.23393750      29.76163417       0.94983639 
  3       2.98361137       0.00000000      15.09040606       0.94983639 
  3       2.98361137     109.38965000      15.09040606       0.94983639 
  3       2.98361137      31.70363750     103.53695268       0.94983639 
  3       2.98361137     108.42160000       5.86849124       0.94983639 
  3       2.98361137       8.71245000      87.18901278       0.94983639 
  3       2.98361137      68.00551250      73.35614056       0.94983639 
  3       2.98361137      36.78590000      38.56437104       0.94983639 
  3       2.98361137     -35.33382500     103.95613063       0.94983639 
  3       2.98361137      67.03746250      87.60819072       0.94983639 
  3       2.98361137      34.12376250      16.34793989       0.94983639 
  3       2.98361137      30.49357500      35.21094747       0.94983639 
  3       2.98361137      56.87293750      85.09312305       0.94983639 
  3       2.98361137      19.36100000      50.30135353       0.94983639 
  3       2.98361137     -31.46162500      93.05750402       0.94983639 
  3       2.98361137      58.80903750      56.58902272       0.94983639 
  3       2.98361137      78.89607500      63.71504780       0.94983639 
  3       2.98361137      -8.22842500     101.44106295       0.94983639 
  3       2.98361137      66.55343750      60.78080218       0.94983639 
  3       2.98361137      30.25156250      53.23559915       0.94983639 
  3       2.98361137      38.72200000      72.93696261       0.94983639 
  3       2.98361137      99.95116250      23.05478703       0.94983639 
  3       2.98361137      26.86338750      45.69039612       0.94983639 
  3       2.98361137      66.55343750      12.99451633       0.94983639 
  3       2.98361137      -4.35622500      28.50410033       0.94983639 
  3       2.98361137      50.33860000      21.79725319       0.94983639 
  3       2.98361137      -4.11421250      48.20546380       0.94983639 
  3       2.98361137      38.96401250       2.09588973       0.94983639 
  3       2.98361137      16.45685000      60.36162423       0.94983639 
  3       2.98361137      51.79067500      67.06847137       0.94983639 
  3       2.98361137      19.11898750      14.67122811       0.94983639 
  3       2.98361137     -14.27873750      80.06298770       0.94983639 
  3       2.98361137      25.16930000      23.47396498       0.94983639 
  3       2.98361137      68.97356250       3.77260151       0.94983639 
  3       2.98361137      18.63496250      37.30683720       0.94983639 
  3       2.98361137      59.77708750       2.93424562       0.94983639 
  3       2.98361137      87.12450000      17.60547373       0.94983639 
  3       2.98361137       2.90415000      67.06847137       0.94983639 
  3       2.98361137     -11.85861250      49.88217558       0.94983639 
  3       2.98361137      43.07822500      36.04930337       0.94983639 
  3       2.98361137     -37.99596250      69.16436110       0.94983639 
  3       2.98361137       7.26037500      46.10957407       0.94983639 
  3       2.98361137      90.75468750      47.36710791       0.94983639 
  3       2.98361137      46.46640000      73.77531851       0.94983639 
  3       2.98361137      73.57180000      45.27121818       0.94983639 
  3       2.98361137       7.98641250      72.51778467       0.94983639 
  3       2.98361137      11.37458750      21.37807525       0.94983639 
  3       2.98361137      20.81307500      70.42189494       0.94983639 
  3       2.98361137      48.88652500      91.38079224       0.94983639 
  3       2.98361137      45.01432500      15.92876195       0.94983639 
  3       2.98361137      23.95923750       6.28766919       0.94983639 
  3       2.98361137      14.52075000      67.06847137       0.94983639 
  3       2.98361137      16.21483750     102.69859679       0.94983639 
  3       2.98361137       8.22842500       2.51506768       0.94983639 
  3       2.98361137      60.98715000      40.24108283       0.94983639 
  3       2.98361137     -36.54388750      84.25476716       0.94983639 
  3       2.98361137     -50.58061250      98.50681733       0.94983639 
  3       2.98361137     -10.16452500      93.05750402       0.94983639 
  3       2.98361137      80.34815000      15.92876195       0.94983639 
  3       2.98361137      44.77231250      44.01368434       0.94983639 
  3       2.98361137      34.36577500      25.15067676       0.94983639 
  3       2.98361137      49.37055000      98.92599528       0.94983639 
  3       2.98361137      83.25230000      46.94792996       0.94983639 
  3       2.98361137       9.68050000      58.68491245       0.94983639 
  3       2.98361137      80.34815000      35.21094747       0.94983639 
  3       2.98361137     -10.64855000      60.36162423       0.94983639 
  3       2.98361137     -16.69886250      95.99174964       0.94983639 
  3       2.98361137      27.83143750      73.35614056       0.94983639 
  3       2.98361137      77.92802500      57.00820067       0.94983639 
  3       2.98361137      -0.96805000      93.05750402       0.94983639 
  3       2.98361137       0.24201250      39.82190488       0.94983639 
  3       2.98361137      60.98715000      47.78628585       0.94983639 
  3       2.98361137      37.51193750      48.20546380       0.94983639 
  3       2.98361137      93.65883750      10.47944865       0.94983639 
  3       2.98361137      85.91443750      30.59999006       0.94983639 
  3       2.98361137     -29.28351250      71.67942878       0.94983639 
  3       2.98361137      93.41682500      33.53423569       0.94983639 
  3       2.98361137      18.15093750      24.73149881       0.94983639 
  3       2.98361137      28.55747500      66.23011548       0.94983639 
  3       2.98361137      53.24275000      59.52326834       0.94983639 
