 Pt           R                 X                Y               E
  3       2.97592016      40.41608750      64.97258164       0.95061838 
  3       2.97561209      71.15167500      20.95889730       0.95418000 
  3       2.97592016      58.08300000      18.44382962       0.95061838 
  3       3.10320453       0.72603750      77.54792002       0.95054819 
  3       2.97592016     -19.60301250      49.04381969       0.95061838 
  3       3.13507762     -14.27873750      73.35614056       0.96177741 
  3       2.98633592      -6.53433750      70.00271699       0.95969046 
  3       2.97561209      10.64855000      38.56437104       0.95418000 
  3       2.98667235     -40.65810000      93.05750402       0.95968591 
  3       2.98702001     -19.60301250      85.09312305       0.95970682 
  3       3.10320453      41.62615000      95.57257170       0.95054819 
  3       3.10320453     -18.39295000      62.87669191       0.95054819 
  3       2.98667235      15.73081250      85.09312305       0.95968591 
  3       3.10320453      33.39772500      92.21914813       0.95054819 
  3       2.98633592      57.11495000     100.60270706       0.95969046 
  3       2.97592016      52.03268750      14.67122811       0.95061838 
  3       2.97440047      66.06941250      36.46848131       0.95417737 
  3       2.97042544     -42.11017500     104.79448652       0.95472066 
  3       3.10320453      58.08300000      67.06847137       0.95054819 
  3       2.98699161      40.17407500     104.79448652       0.95949123 
  3       2.97592016      76.23393750      29.76163417       0.95061838 
  3       2.98667235       0.00000000      15.09040606       0.95968591 
  3       2.97561209     109.38965000      15.09040606       0.95418000 
  3       2.97561209      31.70363750     103.53695268       0.95418000 
  3       2.90420026     108.42160000       5.86849124       0.96192135 
  3       2.97440047       8.71245000      87.18901278       0.95417737 
  3       2.97561209      68.00551250      73.35614056       0.95418000 
  3       2.98667235      36.78590000      38.56437104       0.95968591 
  3       2.98702001     -35.33382500     103.95613063       0.95970682 
  3       3.10320453      67.03746250      87.60819072       0.95054819 
  3       2.97561209      34.12376250      16.34793989       0.95418000 
  3       2.97440047      30.49357500      35.21094747       0.95417737 
  3       2.98361137      56.87293750      85.09312305       0.94983639 
  3       2.97592016      19.36100000      50.30135353       0.95061838 
  3       2.98361137     -31.46162500      93.05750402       0.94983639 
  3       2.98702001      58.80903750      56.58902272       0.95970682 
  3       2.98633592      78.89607500      63.71504780       0.95969046 
  3       3.13507762      -8.22842500     101.44106295       0.96177741 
  3       3.13507762      66.55343750      60.78080218       0.96177741 
  3       2.97042544      30.25156250      53.23559915       0.95472066 
  3       2.97592016      38.72200000      72.93696261       0.95061838 
  3       2.97042544      99.95116250      23.05478703       0.95472066 
  3       2.97440047      26.86338750      45.69039612       0.95417737 
  3       2.98702001      66.55343750      12.99451633       0.95970682 
  3       2.97561209      -4.35622500      28.50410033       0.95418000 
  3       2.98361137      50.33860000      21.79725319       0.94983639 
  3       2.97440047      -4.11421250      48.20546380       0.95417737 
  3       2.97440047      38.96401250       2.09588973       0.95417737 
  3       2.97440047      16.45685000      60.36162423       0.95417737 
  3       2.90420026      51.79067500      67.06847137       0.96192135 
  3       2.97561209      19.11898750      14.67122811       0.95418000 
  3       2.98633592     -14.27873750      80.06298770       0.95969046 
  3       3.13507762      25.16930000      23.47396498       0.96177741 
  3       2.98361137      68.97356250       3.77260151       0.94983639 
  3       2.98633592      18.63496250      37.30683720       0.95969046 
  3       2.97440047      59.77708750       2.93424562       0.95417737 
  3       2.97042544      87.12450000      17.60547373       0.95472066 
  3       2.98361137       2.90415000      67.06847137       0.94983639 
  3       2.97592016     -11.85861250      49.88217558       0.95061838 
  3       3.10320453      43.07822500      36.04930337       0.95054819 
  3       2.97042544     -37.99596250      69.16436110       0.95472066 
  3       2.97592016       7.26037500      46.10957407       0.95061838 
  3       2.98361137      90.75468750      47.36710791       0.94983639 
  3       2.97042544      46.46640000      73.77531851       0.95472066 
  3       2.97561209      73.57180000      45.27121818       0.95418000 
  3       2.90420026       7.98641250      72.51778467       0.96192135 
  3       2.97440047      11.37458750      21.37807525       0.95417737 
  3       2.98702001      20.81307500      70.42189494       0.95970682 
  3       2.98633592      48.88652500      91.38079224       0.95969046 
  3       2.98699161      45.01432500      15.92876195       0.95949123 
  3       2.98667235      23.95923750       6.28766919       0.95968591 
  3       2.98702001      14.52075000      67.06847137       0.95970682 
  3       2.98699161      16.21483750     102.69859679       0.95949123 
  3       2.97561209       8.22842500       2.51506768       0.95418000 
  3       2.97042544      60.98715000      40.24108283       0.95472066 
  3       2.97561209     -36.54388750      84.25476716       0.95418000 
  3       2.90420026     -50.58061250      98.50681733       0.96192135 
  3       3.13507762     -10.16452500      93.05750402       0.96177741 
  3       2.98699161      80.34815000      15.92876195       0.95949123 
  3       2.98633592      44.77231250      44.01368434       0.95969046 
  3       2.97592016      34.36577500      25.15067676       0.95061838 
  3       3.10320453      49.37055000      98.92599528       0.95054819 
  3       2.98667235      83.25230000      46.94792996       0.95968591 
  3       2.97440047       9.68050000      58.68491245       0.95417737 
  3       2.97440047      80.34815000      35.21094747       0.95417737 
  3       3.13507762     -10.64855000      60.36162423       0.96177741 
  3       2.90420026     -16.69886250      95.99174964       0.96192135 
  3       2.97561209      27.83143750      73.35614056       0.95418000 
  3       2.98699161      77.92802500      57.00820067       0.95949123 
  3       3.13507762      -0.96805000      93.05750402       0.96177741 
  3       2.98633592       0.24201250      39.82190488       0.95969046 
  3       2.98702001      60.98715000      47.78628585       0.95970682 
  3       2.98702001      37.51193750      48.20546380       0.95970682 
  3       2.98699161      93.65883750      10.47944865       0.95949123 
  3       2.97042544      85.91443750      30.59999006       0.95472066 
  3       2.97561209     -29.28351250      71.67942878       0.95418000 
  3       2.98702001      93.41682500      33.53423569       0.95970682 
  3       2.90420026      18.15093750      24.73149881       0.96192135 
  3       2.97440047      28.55747500      66.23011548       0.95417737 
  3       2.98699161      53.24275000      59.52326834       0.95949123 
