 Pt           R                 X                Y               E
  3       2.97042544     -24.68527500      71.26025083       0.95472066 
  3       2.97561209      71.63570000      19.28218552       0.95418000 
  3       2.97592016      -2.42012500      12.57533838       0.95061838 
  3       2.90420026     -27.10540000      88.86572456       0.96192135 
  3       2.98361137     -36.30187500      92.21914813       0.94983639 
  3       2.98702001      77.20198750      26.40821060       0.95970682 
  3       3.10320453      35.09181250     101.86024090       0.95054819 
  3       2.97042544      10.16452500      49.46299764       0.95472066 
  3       2.97561209      68.00551250      88.44654662       0.95418000 
  3       2.90420026      49.85457500      20.95889730       0.96192135 
  3       2.98633592       0.00000000      94.73421581       0.95969046 
  3       2.98667235      40.17407500      55.33148888       0.95968591 
  3       2.98667235      15.00477500      44.43286229       0.95968591 
  3       2.90420026       9.19647500      25.15067676       0.96192135 
  3       3.10320453      -5.08226250      37.30683720       0.95054819 
  3       2.97440047      39.20602500       6.70684714       0.95417737 
  3       3.13507762      10.89056250      76.70956413       0.96177741 
  3       2.98633592       2.66213750      23.05478703       0.95969046 
  3       2.90420026     -44.04627500      86.35065689       0.96192135 
  3       2.98667235      71.87771250      60.78080218       0.95968591 
  3       3.13507762      65.58538750      54.91231094       0.96177741 
  3       2.98702001      45.49835000      15.92876195       0.95970682 
  3       3.10320453     -16.94087500     100.60270706       0.95054819 
  3       2.98699161     -48.40250000     104.79448652       0.95949123 
  3       2.97561209       4.35622500      79.64380975       0.95418000 
  3       2.97042544      23.23320000       0.00000000       0.95472066 
  3       2.90420026     -14.03672500      42.75615050       0.96192135 
  3       2.90420026      68.00551250      27.24656649       0.96192135 
  3       2.98699161       4.35622500      86.35065689       0.95949123 
  3       2.98633592     -39.44803750      77.54792002       0.95969046 
  3       2.97561209     -29.28351250      51.55888737       0.95418000 
  3       2.98633592     111.32575000      15.92876195       0.95969046 
  3       3.13507762     -33.88175000      83.83558921       0.96177741 
  3       2.97592016      37.99596250      32.27670184       0.95061838 
  3       2.98699161      75.99192500      51.97806531       0.95949123 
  3       2.98699161      34.36577500      82.15887743       0.95949123 
  3       2.98667235      21.78112500      88.02736867       0.95968591 
  3       2.98699161      27.83143750      38.14519310       0.95949123 
  3       2.98667235     -35.09181250      61.61915807       0.95968591 
  3       2.98699161      46.95042500       3.35342357       0.95949123 
  3       3.10320453      46.46640000      61.19998013       0.95054819 
  3       2.97440047      53.96878750      47.36710791       0.95417737 
  3       2.98667235      28.79948750      20.53971935       0.95968591 
  3       3.13507762      55.17885000      57.84655656       0.96177741 
  3       2.90420026     -12.58465000      58.68491245       0.96192135 
  3       3.13507762      33.15571250      12.99451633       0.96177741 
  3       2.97042544      25.16930000      73.77531851       0.95472066 
  3       2.98361137      22.26515000      29.34245622       0.94983639 
  3       2.97440047      -7.74440000     103.11777474       0.95417737 
  3       2.98699161      -9.43848750      74.19449645       0.95949123 
  3       2.97440047      94.14286250      12.15616043       0.95417737 
  3       2.97440047      60.01910000      33.53423569       0.95417737 
  3       2.97440047      17.42490000      81.32052153       0.95417737 
  3       2.97561209      61.47117500       6.70684714       0.95418000 
  3       2.98361137      99.70915000      24.31232087       0.94983639 
  3       2.90420026      11.13257500      33.53423569       0.96192135 
  3       2.90420026      71.87771250       8.80273687       0.96192135 
  3       2.98702001      73.57180000      45.27121818       0.95970682 
  3       2.98633592      42.35218750      81.73969948       0.95969046 
  3       2.97440047      -1.69408750      77.54792002       0.95417737 
  3       3.10320453      51.06463750      79.22463180       0.95054819 
  3       2.98633592      58.08300000      89.70408045       0.95969046 
  3       3.13507762      65.58538750      70.84107288       0.96177741 
  3       2.98699161      63.89130000      80.48216564       0.95949123 
  3       2.98361137      17.18288750      57.42737861       0.94983639 
  3       2.90420026      27.58942500      54.49313299       0.96192135 
  3       2.98699161      -2.66213750      50.72053148       0.95949123 
  3       2.98361137       6.53433750      70.00271699       0.94983639 
  3       3.10320453      23.47521250       8.80273687       0.95054819 
  3       2.97042544     -19.36100000      48.62464175       0.95472066 
  3       2.98702001      13.79471250       7.12602508       0.95970682 
  3       2.97042544       5.32427500      54.49313299       0.95472066 
  3       2.97592016      44.77231250      74.19449645       0.95061838 
  3       2.97042544       7.50238750      42.33697256       0.95472066 
  3       3.13507762     -25.89533750      97.66846144       0.96177741 
  3       2.97042544     105.51745000       1.67671178       0.95472066 
  3       3.10320453      31.70363750      88.44654662       0.95054819 
  3       2.98633592      36.30187500       0.00000000       0.95969046 
  3       3.10320453      -3.63018750      60.78080218       0.95054819 
  3       2.98361137     -13.79471250      34.79176953       0.94983639 
  3       2.90420026      84.22035000      15.09040606       0.96192135 
  3       2.98702001     -41.62615000      95.57257170       0.95970682 
  3       2.98361137      25.89533750      65.81093753       0.94983639 
  3       3.10320453      35.09181250      73.35614056       0.95054819 
  3       2.97561209      12.10062500      62.03833602       0.95418000 
  3       2.90420026     -13.55270000      84.67394510       0.96192135 
  3       3.13507762      16.94087500     104.79448652       0.96177741 
  3       2.97042544      17.18288750      24.73149881       0.95472066 
  3       2.97592016      31.70363750      48.20546380       0.95061838 
  3       2.97440047      50.82262500     100.60270706       0.95417737 
  3       2.97592016      55.90488750      17.18629579       0.95061838 
  3       2.97561209      60.74513750      50.72053148       0.95418000 
  3       2.98633592      18.63496250      38.98354899       0.95969046 
  3       2.98702001      26.37936250     101.86024090       0.95970682 
  3       2.98667235      75.26588750      70.84107288       0.95968591 
  3       2.98361137     103.33933750      12.99451633       0.94983639 
  3       2.98699161     116.65002500       3.35342357       0.95949123 
  3       2.90420026      52.27470000      35.21094747       0.96192135 
  3       2.98361137     100.19317500      33.53423569       0.94983639 
  3       3.13507762       9.92251250      96.83010555       0.96177741 
