 Pt           R                 X                Y               E
  7       4.27667410     105.51745000      16.76711784       0.16949534 
  7       4.27667410      22.74917500     135.81365452       0.16949534 
  7       4.27667410     128.02461250       4.61095741       0.16949534 
  7       4.27667410     140.12523750       2.09588973       0.16949534 
  7       4.27667410     -18.63496250     113.59722339       0.16949534 
  7       4.27667410      98.98311250      90.96161429       0.16949534 
  7       4.27667410      63.16526250      20.53971935       0.16949534 
  7       4.27667410       3.38817500      51.97806531       0.16949534 
  7       4.27667410     109.87367500      65.39175959       0.16949534 
  7       4.27667410      68.00551250     142.10132371       0.16949534 
  7       4.27667410      29.52552500      49.46299764       0.16949534 
  7       4.27667410     -39.93206250     130.36434123       0.16949534 
  7       4.27667410     -29.76753750      70.00271699       0.16949534 
  7       4.27667410      16.69886250     105.21366447       0.16949534 
  7       4.27667410      20.81307500      13.41369427       0.16949534 
  7       4.27667410     -22.50716250      60.78080218       0.16949534 
  7       4.27667410      87.36651250     116.95064695       0.16949534 
  7       4.27667410      47.91847500      79.64380975       0.16949534 
  7       4.27667410      45.25633750      66.64929342       0.16949534 
  7       4.27667410      35.33382500      19.28218552       0.16949534 
  7       4.27667410      85.91443750       7.96438097       0.16949534 
  7       4.27667410      83.49431250      70.84107288       0.16949534 
  7       4.27667410      75.02387500     121.56160436       0.16949534 
  7       4.27667410      56.87293750     116.95064695       0.16949534 
  7       4.27667410       1.45207500      13.41369427       0.16949534 
  7       4.27667410     137.22108750      46.52875202       0.16949534 
  7       4.27667410       0.48402500     119.88489258       0.16949534 
  7       4.27667410       9.68050000      20.12054141       0.16949534 
  7       4.27667410      36.78590000      77.96709797       0.16949534 
  7       4.27667410      22.74917500       3.35342357       0.16949534 
  7       4.27667410     124.39442500      20.95889730       0.16949534 
  7       4.27667410     107.45355000      41.91779461       0.16949534 
  7       4.27667410      -8.95446250      59.10409040       0.16949534 
  7       4.27667410     -21.53911250      86.76983483       0.16949534 
  7       4.27667410      26.86338750      28.08492238       0.16949534 
  7       4.27667410      52.51671250     131.20269712       0.16949534 
  7       4.27667410     -36.05986250     118.62735874       0.16949534 
  7       4.27667410      70.18362500     104.79448652       0.16949534 
  7       4.27667410       5.08226250      77.54792002       0.16949534 
  7       4.27667410      13.79471250      43.17532845       0.16949534 
  7       4.27667410      -7.98641250      95.99174964       0.16949534 
  7       4.27667410     -36.05986250      83.41641126       0.16949534 
  7       4.27667410     -33.15571250     104.37530857       0.16949534 
  7       4.27667410      64.61733750       5.44931330       0.16949534 
  7       4.27667410      20.57106250      90.12325840       0.16949534 
  7       4.27667410      17.42490000      72.93696261       0.16949534 
  7       4.27667410     -10.40653750     119.46571463       0.16949534 
  7       4.27667410      12.58465000       2.51506768       0.16949534 
  7       4.27667410     -16.69886250      46.52875202       0.16949534 
  7       4.27667410      84.22035000      82.99723332       0.16949534 
  7       4.27667410     -62.43922500     124.91502793       0.16949534 
  7       4.27667410     108.90562500      79.64380975       0.16949534 
  7       4.27667410      46.70841250      22.21643114       0.16949534 
  7       4.27667410      19.36100000      61.19998013       0.16949534 
  7       4.27667410     148.11165000      11.73698249       0.16949534 
  7       4.27667410      89.30261250      93.47668197       0.16949534 
  7       4.27667410     -50.82262500     113.17804544       0.16949534 
  7       4.27667410      43.56225000       5.86849124       0.16949534 
  7       4.27667410      59.53507500      47.78628585       0.16949534 
  7       4.27667410     -22.26515000     100.60270706       0.16949534 
  7       4.27667410      -1.69408750      38.14519310       0.16949534 
  7       4.27667410     119.55417500      75.45203029       0.16949534 
  7       4.27667410      80.34815000      56.16984477       0.16949534 
  7       4.27667410      81.07418750      29.76163417       0.16949534 
  7       4.27667410      44.04627500      32.69587979       0.16949534 
  7       4.27667410      32.42967500     119.04653668       0.16949534 
  7       4.27667410      12.82666250     132.04105301       0.16949534 
  7       4.27667410      33.15571250      97.66846144       0.16949534 
  7       4.27667410     125.60448750      59.94244629       0.16949534 
  7       4.27667410       5.80830000      94.73421581       0.16949534 
  7       4.27667410      93.41682500      28.50410033       0.16949534 
  7       4.27667410     -12.58465000      79.64380975       0.16949534 
  7       4.27667410     -73.57180000     128.26845150       0.16949534 
  7       4.27667410      57.84098750      72.51778467       0.16949534 
  7       4.27667410      -3.38817500     129.94516328       0.16949534 
  7       4.27667410     135.52700000      11.73698249       0.16949534 
  7       4.27667410      46.22438750     117.78900285       0.16949534 
  7       4.27667410     128.75065000      37.72601515       0.16949534 
  7       4.27667410      94.62688750      64.13422575       0.16949534 
  7       4.27667410      67.27947500      79.64380975       0.16949534 
  7       4.27667410      90.75468750      53.23559915       0.16949534 
  7       4.27667410      77.92802500      96.41092759       0.16949534 
  7       4.27667410      65.10136250      31.43834595       0.16949534 
  7       4.27667410      37.26992500      40.24108283       0.16949534 
  7       4.27667410      68.00551250      64.97258164       0.16949534 
  7       4.27667410      25.89533750      38.98354899       0.16949534 
  7       4.27667410     106.96952500      53.65477710       0.16949534 
  7       4.27667410      60.26111250      88.44654662       0.16949534 
  7       4.27667410     113.98788750      32.27670184       0.16949534 
  7       4.27667410      33.39772500     138.32872220       0.16949534 
  7       4.27667410      -2.17811250     110.24379982       0.16949534 
  7       4.27667410      45.49835000      55.33148888       0.16949534 
  7       4.27667410     -14.03672500      69.58353905       0.16949534 
  7       4.27667410      34.84980000      65.39175959       0.16949534 
  7       4.27667410     -44.77231250      98.50681733       0.16949534 
  7       4.27667410      52.03268750     101.86024090       0.16949534 
  7       4.27667410      67.76350000     129.94516328       0.16949534 
  7       4.27667410     -12.58465000      33.53423569       0.16949534 
  7       4.27667410     -30.25156250     142.10132371       0.16949534 
  7       4.27667410     -50.58061250     128.68762944       0.16949534 
