 Pt           R                 X                Y               E
  5       4.20609141      73.08777500      48.62464175       0.56916098 
  5       3.95519852     -31.46162500      54.49313299       0.58007359 
  5       4.19670411      47.43445000      65.39175959       0.58207156 
  5       4.20831736     114.22990000       8.38355892       0.57117317 
  5       4.20564574      74.53985000       5.86849124       0.56915931 
  5       4.20831736      46.95042500      32.69587979       0.57117317 
  5       4.12011909      83.73632500      16.76711784       0.58073439 
  5       4.22288627      79.86412500      58.68491245       0.57894476 
  5       4.21767649      23.95923750      50.72053148       0.57449383 
  5       3.84258034      69.94161250      60.78080218       0.58153200 
  5       3.85085560      76.71796250      38.98354899       0.58127293 
  5       3.37496538      91.96475000      45.27121818       0.57185810 
  5       4.07599753     -23.23320000      79.64380975       0.57898836 
  5       4.13517505      45.98237500      12.57533838       0.57923960 
  5       4.07599753       5.80830000      29.34245622       0.57898836 
  5       3.85085560      52.03268750      51.55888737       0.58127293 
  5       4.12011909      64.85935000      29.34245622       0.58073439 
  5       3.37496538      -1.21006250      65.81093753       0.57185810 
  5       3.84258034       3.87220000      98.92599528       0.58153200 
  5       4.07599753      44.77231250      23.05478703       0.57898836 
  5       3.95519852     -22.26515000      66.23011548       0.58007359 
  5       3.96464630      98.49908750      37.30683720       0.58003551 
  5       4.19670411     -42.83621250      84.25476716       0.58207156 
  5       3.84258034       8.22842500      57.00820067       0.58153200 
  5       4.13517505      20.81307500       4.19177946       0.57923960 
  5       3.95519852      36.30187500       7.54520303       0.58007359 
  5       3.84258034     -18.39295000      90.54243635       0.58153200 
  5       4.20564574       6.29232500      17.60547373       0.56915931 
  5       3.41465927     -11.13257500      37.72601515       0.57352190 
  5       3.55393743      39.20602500      46.10957407       0.57599677 
  5       3.55393743      17.90892500      29.34245622       0.57599677 
  5       4.19531181      38.47998750      63.29586986       0.57901575 
  5       4.21767649      44.28828750      54.07395504       0.57449383 
  5       3.36972158      66.55343750      83.41641126       0.57035311 
  5       4.20609141      -0.72603750       2.09588973       0.56916098 
  5       3.55393743      34.60778750      32.27670184       0.57599677 
  5       4.20609141      98.25707500       2.51506768       0.56916098 
  5       3.96464630     -36.54388750      94.31503786       0.58003551 
  5       3.85085560      -3.63018750      31.43834595       0.58127293 
  5       3.55393743      24.20125000      41.91779461       0.57599677 
  5       3.32086807      53.24275000     101.44106295       0.57278937 
  5       4.22288627      -9.92251250      62.45751396       0.57894476 
  5       4.21767649      53.72677500      23.47396498       0.57449383 
  5       3.37496538     -16.45685000      46.94792996       0.57185810 
  5       3.37496538      34.12376250     100.18352911       0.57185810 
  5       4.19670411      62.19721250      96.83010555       0.58207156 
  5       4.21767649      62.92325000      54.49313299       0.57449383 
  5       4.13517505      70.66765000      76.29038618       0.57923960 
  5       4.19531181     -31.46162500     104.79448652       0.57901575 
  5       3.36972158     -28.07345000      88.86572456       0.57035311 
  5       3.32086807     -15.24678750      55.75066683       0.57278937 
  5       4.20831736      56.63092500      12.57533838       0.57117317 
  5       3.95519852      90.02865000       8.38355892       0.58007359 
  5       4.20564574      54.69482500      74.61367440       0.56915931 
  5       3.84258034      12.10062500      40.24108283       0.58153200 
  5       4.12011909      -1.93610000      40.24108283       0.58073439 
  5       4.19670411      -8.47043750      71.67942878       0.58207156 
  5       3.37496538      31.94565000      88.02736867       0.57185810 
  5       4.12011909      19.84502500      96.41092760       0.58073439 
  5       3.95519852      13.55270000      88.02736867       0.58007359 
  5       3.41465927      -4.11421250      56.58902272       0.57352190 
  5       4.20564574      61.47117500      39.40272693       0.56915931 
  5       4.20831736      75.99192500      30.18081211       0.57117317 
  5       3.32086807      45.25633750      98.50681733       0.57278937 
  5       3.84258034      29.28351250      18.02465168       0.58153200 
  5       3.95519852     -32.67168750      74.19449645       0.58007359 
  5       4.12011909      19.60301250      79.22463180       0.58073439 
  5       3.84258034       9.19647500      65.39175959       0.58153200 
  5       4.20609141       2.66213750      87.60819072       0.56916098 
  5       4.19670411      83.25230000      48.62464175       0.58207156 
  5       3.84258034     108.66361250      17.18629579       0.58153200 
  5       4.12011909     106.72751250       2.93424562       0.58073439 
  5       3.37496538      70.18362500      18.44382962       0.57185810 
  5       3.32086807      -3.38817500      93.05750402       0.57278937 
  5       4.21767649      44.28828750      90.12325840       0.57449383 
  5       4.12011909      29.04150000      69.58353905       0.58073439 
  5       3.96464630     -49.85457500      95.57257170       0.58003551 
  5       4.19531181     -15.00477500      28.50410033       0.57901575 
  5       3.96464630      22.74917500      88.02736867       0.58003551 
  5       3.36972158      31.21961250      54.91231094       0.57035311 
  5       4.12011909       0.72603750      78.38627591       0.58073439 
  5       4.20564574      51.54866250      84.25476716       0.56915931 
  5       3.41465927     -47.19243750     103.53695268       0.57352190 
  5       4.13517505      90.02865000      37.72601515       0.57923960 
  5       4.21767649      52.75872500      41.07943872       0.57449383 
  5       4.19670411      51.06463750       2.93424562       0.58207156 
  5       4.20564574      93.90085000      28.50410033       0.56915931 
  5       4.20831736     -22.74917500      54.49313299       0.57117317 
  5       4.20564574       9.68050000      77.96709797       0.56915931 
  5       3.84258034      45.25633750      75.03285234       0.58153200 
  5       4.19670411     -20.08703750     104.37530857       0.58207156 
  5       3.55393743      84.94638750      29.76163417       0.57599677 
  5       3.32086807      15.00477500      71.26025083       0.57278937 
  5       3.36972158       4.84025000       8.38355892       0.57035311 
  5       4.07599753      99.46713750      12.15616043       0.57898836 
  5       4.12011909      60.01910000      88.02736867       0.58073439 
  5       3.32086807      19.11898750      19.70136346       0.57278937 
  5       3.55393743      16.21483750      49.04381969       0.57599677 
  5       3.55393743      12.82666250       7.96438097       0.57599677 
  5       3.36972158      59.29306250      62.45751396       0.57035311 
