 Pt           R                 X                Y               E
  5       4.07599753      47.43445000      18.44382962       0.57898836 
  5       3.85085560      35.09181250      56.58902272       0.58127293 
  5       4.21767649      40.90011250       4.61095741       0.57449383 
  5       3.84258034      43.07822500      79.64380975       0.58153200 
  5       3.96464630      67.03746250      43.17532845       0.58003551 
  5       4.07599753      26.62137500       0.00000000       0.57898836 
  5       4.20609141      -3.38817500      78.80545386       0.56916098 
  5       3.84258034      60.01910000      12.57533838       0.58153200 
  5       4.21767649      12.58465000     101.44106295       0.57449383 
  5       3.55393743      69.21557500       4.19177946       0.57599677 
  5       4.12011909      42.11017500      29.34245622       0.58073439 
  5       4.20831736      -9.68050000      27.66574444       0.57117317 
  5       3.95519852       3.87220000      29.34245622       0.58007359 
  5       3.95519852     -20.57106250      61.61915807       0.58007359 
  5       3.41465927      10.89056250      72.51778467       0.57352190 
  5       3.96464630      21.29710000      10.06027070       0.58003551 
  5       3.85085560      -2.90415000      91.38079224       0.58127293 
  5       3.41465927      22.99118750      36.46848131       0.57352190 
  5       4.19670411      76.47595000      46.10957407       0.58207156 
  5       3.36972158     103.33933750      11.31780454       0.57035311 
  5       4.20831736     -20.08703750      41.49861666       0.57117317 
  5       4.07599753     -29.76753750      59.94244629       0.57898836 
  5       4.20564574      16.21483750      92.63832608       0.56915931 
  5       4.19531181      62.68123750      50.72053148       0.57901575 
  5       4.19531181      26.37936250      53.23559915       0.57901575 
  5       4.12011909     -14.27873750      49.88217558       0.58073439 
  5       4.20609141     -37.02791250      68.32600521       0.56916098 
  5       3.32086807      15.00477500      39.40272693       0.57278937 
  5       4.22288627     -50.33860000      87.18901278       0.57894476 
  5       4.19531181     -11.61660000      67.06847137       0.57901575 
  5       4.20564574      80.34815000       4.19177946       0.56915931 
  5       4.19670411     -20.08703750      85.09312305       0.58207156 
  5       3.85085560      41.62615000      71.26025083       0.58127293 
  5       4.07599753      70.42563750      17.18629579       0.57898836 
  5       3.41465927      46.22438750      62.45751396       0.57352190 
  5       3.32086807     -25.16930000      75.45203029       0.57278937 
  5       3.85085560       9.68050000      15.92876195       0.58127293 
  5       4.07599753      48.16048750      93.47668197       0.57898836 
  5       4.21767649      43.56225000      41.91779461       0.57449383 
  5       4.22288627      50.82262500      75.45203029       0.57894476 
  5       4.19670411      59.53507500      31.85752390       0.58207156 
  5       3.37496538      66.55343750      75.87120824       0.57185810 
  5       4.20609141      91.23871250       9.64109276       0.56916098 
  5       3.41465927      21.78112500      46.10957407       0.57352190 
  5       4.19531181      71.87771250      35.63012542       0.57901575 
  5       4.12011909      86.39846250      38.98354899       0.58073439 
  5       4.19670411     -41.14212500      89.70408045       0.58207156 
  5       4.20831736      33.63973750      39.82190488       0.57117317 
  5       4.20564574      28.07345000      83.83558921       0.56915931 
  5       4.20831736     -11.61660000     100.60270706       0.57117317 
  5       3.55393743      12.58465000      25.15067676       0.57599677 
  5       4.22288627      71.63570000      65.39175959       0.57894476 
  5       4.19531181      93.41682500      19.28218552       0.57901575 
  5       4.20609141      24.68527500      21.79725319       0.56916098 
  5       4.22288627     -36.78590000      78.80545386       0.57894476 
  5       4.13517505     115.19795000       8.38355892       0.57923960 
  5       3.32086807      -1.69408750      19.70136346       0.57278937 
  5       3.55393743      -4.84025000      46.94792996       0.57599677 
  5       4.13517505      34.12376250     101.02188501       0.57923960 
  5       3.85085560     106.72751250       1.25753384       0.58127293 
  5       3.37496538     -14.03672500      91.38079224       0.57185810 
  5       3.37496538      85.18840000      24.31232087       0.57185810 
  5       4.20564574       4.35622500       0.83835589       0.56915931 
  5       3.96464630      34.60778750      89.28490251       0.58003551 
  5       4.20564574      48.88652500       7.54520303       0.56915931 
  5       3.32086807       6.05031250      62.45751396       0.57278937 
  5       4.13517505      34.84980000      13.41369427       0.57923960 
  5       3.95519852      57.59897500      86.35065689       0.58007359 
  5       4.13517505      18.15093750      67.48764932       0.57923960 
  5       4.20564574      54.45281250      39.82190488       0.56915931 
  5       3.95519852     -27.10540000      97.24928349       0.58007359 
  5       4.20609141      25.65332500     100.60270706       0.56916098 
  5       3.96464630      -2.66213750      57.42737861       0.58003551 
  5       3.55393743       1.93610000     100.60270706       0.57599677 
  5       3.96464630      83.49431250      14.67122811       0.58003551 
  5       4.12011909     -40.41608750      98.50681733       0.58073439 
  5       4.21767649       3.14616250      41.49861666       0.57449383 
  5       4.19670411      90.02865000      50.30135353       0.58207156 
  5       4.19531181      76.71796250      58.26573450       0.57901575 
  5       4.19531181       8.95446250      49.04381969       0.57901575 
  5       4.13517505      33.39772500      25.98903265       0.57923960 
  5       3.37496538       5.08226250      83.41641126       0.57185810 
  5       4.12011909      15.48880000      57.84655656       0.58073439 
  5       4.13517505      -4.11421250      35.63012542       0.57923960 
  5       3.85085560     -15.73081250      77.54792002       0.58127293 
  5       4.22288627      -2.66213750      69.16436110       0.57894476 
  5       4.13517505      66.79545000      25.15067676       0.57923960 
  5       4.22288627     -50.82262500      96.41092760       0.57894476 
  5       4.19531181      57.84098750      59.94244629       0.57901575 
  5       3.36972158      98.25707500      27.66574444       0.57035311 
  5       4.20609141      28.07345000      68.74518315       0.56916098 
  5       4.21767649      55.66287500      22.63560908       0.57449383 
  5       4.20564574     -28.55747500      83.83558921       0.56915931 
  5       4.12011909      44.28828750      53.23559915       0.58073439 
  5       4.21767649      60.98715000      98.08763938       0.57449383 
  5       4.13517505      75.50790000      77.12874207       0.57923960 
  5       4.20609141      17.18288750      81.73969948       0.56916098 
  5       4.19531181      60.26111250      68.32600521       0.57901575 
  5       3.41465927      55.17885000       1.67671178       0.57352190 
  5       4.12011909      76.47595000      25.98903265       0.58073439 
