 Pt           R                 X                Y               E
  5       3.41465927      -0.96805000      83.83558921       0.57352190 
  5       4.19670411      80.59016250      29.76163417       0.58207156 
  5       4.19531181      17.90892500      15.09040606       0.57901575 
  5       4.13517505      82.52626250      39.82190488       0.57923960 
  5       3.95519852      45.98237500      46.10957407       0.58007359 
  5       3.41465927     -46.46640000      88.02736867       0.57352190 
  5       3.37496538     -30.49357500      57.00820067       0.57185810 
  5       4.19531181      23.71722500      45.27121818       0.57901575 
  5       3.96464630      53.48476250      16.34793989       0.58003551 
  5       3.85085560      87.12450000      15.92876195       0.58127293 
  5       3.55393743      28.07345000      12.57533838       0.57599677 
  5       4.13517505     -15.48880000      46.94792996       0.57923960 
  5       3.95519852      99.46713750      36.46848131       0.58007359 
  5       4.21767649      30.25156250      90.12325840       0.57449383 
  5       4.19670411     113.50386250       4.61095741       0.58207156 
  5       4.19670411      21.78112500       5.03013535       0.58207156 
  5       3.32086807      78.89607500      58.68491245       0.57278937 
  5       3.32086807     -15.97282500      67.90682726       0.57278937 
  5       3.32086807      71.15167500      36.04930337       0.57278937 
  5       3.37496538      86.15645000      49.46299764       0.57185810 
  5       4.13517505      11.37458750      57.42737861       0.57923960 
  5       4.19670411      45.98237500      68.74518315       0.58207156 
  5       4.07599753      21.53911250     103.53695268       0.57898836 
  5       4.19531181      54.69482500      31.01916800       0.57901575 
  5       4.07599753      54.69482500      83.83558921       0.57898836 
  5       4.20564574      34.60778750      46.52875202       0.56915931 
  5       3.36972158       6.53433750      95.99174964       0.57035311 
  5       3.37496538      41.38413750      24.73149881       0.57185810 
  5       4.20609141     -48.64451250      97.66846144       0.56916098 
  5       4.13517505      92.93280000      25.15067676       0.57923960 
  5       3.41465927       3.63018750      10.47944865       0.57352190 
  5       3.84258034     -33.88175000      72.09860672       0.58153200 
  5       3.55393743      29.52552500      38.56437104       0.57599677 
  5       3.85085560      62.19721250      97.66846144       0.58127293 
  5       4.19670411     -17.42490000      58.68491245       0.58207156 
  5       4.22288627      -3.63018750      44.01368434       0.57894476 
  5       4.20609141      -9.43848750      91.79997018       0.56916098 
  5       4.19670411      68.00551250      23.05478703       0.58207156 
  5       3.37496538      63.16526250      30.59999006       0.57185810 
  5       4.20831736      -3.87220000      73.77531851       0.57117317 
  5       3.95519852      20.81307500      62.87669191       0.58007359 
  5       4.20831736      68.24752500      46.10957407       0.57117317 
  5       3.96464630      55.17885000      62.87669191       0.58003551 
  5       4.20609141      52.51671250      96.83010555       0.56916098 
  5       4.22288627     -20.81307500      81.32052153       0.57894476 
  5       4.12011909      75.50790000      70.42189494       0.58073439 
  5       4.22288627      31.21961250     103.53695268       0.57894476 
  5       4.22288627      28.55747500      58.68491245       0.57894476 
  5       4.19531181       3.87220000      51.97806531       0.57901575 
  5       4.20564574     -12.58465000      25.15067676       0.56915931 
  5       4.19531181      40.90011250       2.93424562       0.57901575 
  5       4.19531181      99.22512500      16.76711784       0.57901575 
  5       3.96464630      40.65810000      55.33148888       0.58003551 
  5       4.20564574      65.58538750      71.67942878       0.56915931 
  5       4.20564574      66.31142500      11.73698249       0.56915931 
  5       3.95519852      76.71796250      18.02465168       0.58007359 
  5       3.55393743      41.14212500      88.02736867       0.57599677 
  5       3.37496538      53.24275000       4.19177946       0.57185810 
  5       3.41465927      43.56225000      37.72601515       0.57352190 
  5       4.20564574       0.96805000      34.37259158       0.56915931 
  5       4.21767649      87.85053750       7.12602508       0.57449383 
  5       4.22288627      38.96401250      12.99451633       0.57894476 
  5       3.84258034      31.94565000      29.34245622       0.58153200 
  5       4.20564574     -37.26992500      81.32052153       0.56915931 
  5       4.07599753     -53.24275000     104.79448652       0.57898836 
  5       3.96464630      33.39772500      20.95889730       0.58003551 
  5       3.55393743      22.99118750      75.03285234       0.57599677 
  5       4.20564574       7.01836250      18.86300757       0.56915931 
  5       3.36972158     -29.04150000     100.60270706       0.57035311 
  5       4.21767649       8.47043750      78.38627591       0.57449383 
  5       3.96464630     -30.25156250      90.12325840       0.58003551 
  5       4.20609141       5.08226250      67.48764932       0.56916098 
  5       3.37496538      22.26515000      28.50410033       0.57185810 
  5       4.07599753      74.29783750       7.12602508       0.57898836 
  5       3.55393743      18.39295000      82.99723332       0.57599677 
  5       3.85085560     102.37128750       7.96438097       0.58127293 
  5       4.21767649      54.69482500      46.10957407       0.57449383 
  5       3.41465927      62.43922500      88.86572456       0.57352190 
  5       4.19531181     -23.71722500      72.09860672       0.57901575 
  5       4.19670411      -1.45207500      24.31232087       0.58207156 
  5       4.13517505       2.42012500     104.79448652       0.57923960 
  5       4.21767649      14.03672500      25.98903265       0.57449383 
  5       3.36972158      65.34337500      62.87669191       0.57035311 
  5       4.13517505      -7.26037500      58.68491245       0.57923960 
  5       3.55393743     -15.97282500      98.08763938       0.57599677 
  5       4.07599753     -12.58465000      38.56437104       0.57898836 
  5       3.36972158     -12.10062500      76.29038618       0.57035311 
  5       4.12011909      10.89056250      43.17532845       0.58073439 
  5       3.95519852      36.78590000      62.87669191       0.58007359 
  5       3.36972158      20.32905000      94.73421581       0.57035311 
  5       4.07599753     -17.90892500      89.70408045       0.57898836 
  5       3.95519852      36.05986250      76.70956413       0.58007359 
  5       3.32086807      88.81858750      33.95341364       0.57278937 
  5       3.84258034      19.36100000      53.65477710       0.58153200 
  5       3.96464630     111.08373750      15.50958400       0.58003551 
  5       3.36972158      76.71796250      49.04381969       0.57035311 
  5       4.22288627      18.39295000      37.72601515       0.57894476 
  5       4.12011909      60.98715000      55.33148888       0.58073439 
  5       4.19531181      54.69482500      73.77531851       0.57901575 
  5       4.22288627      70.90966250      80.06298770       0.57894476 
