 Pt           R                 X                Y               E
  5       4.20831736      59.05105000     101.44106295       0.57117317 
  5       3.36972158      48.40250000      20.12054141       0.57035311 
  5       4.13517505      29.76753750      25.56985471       0.57923960 
  5       3.41465927       3.14616250      76.70956413       0.57352190 
  5       3.84258034      61.47117500      83.83558921       0.58153200 
  5       3.84258034     -15.73081250      84.25476716       0.58153200 
  5       3.95519852     -33.15571250      90.96161429       0.58007359 
  5       3.55393743      25.16930000      48.62464175       0.57599677 
  5       4.20831736      68.00551250       7.96438097       0.57117317 
  5       3.95519852      50.58061250      32.27670184       0.58007359 
  5       3.32086807      67.76350000      45.27121818       0.57278937 
  5       3.32086807      17.42490000      62.03833602       0.57278937 
  5       3.95519852      60.26111250       3.77260151       0.58007359 
  5       3.32086807     103.58135000      14.25205016       0.57278937 
  5       4.12011909      67.03746250      66.64929342       0.58073439 
  5       3.37496538      40.17407500      94.73421581       0.57185810 
  5       4.19670411      -5.80830000     101.44106295       0.58207156 
  5       4.22288627     -29.04150000      65.39175959       0.57894476 
  5       4.07599753      67.03746250      26.40821060       0.57898836 
  5       4.20831736       8.95446250      60.78080218       0.57117317 
  5       3.36972158      48.64451250      45.69039612       0.57035311 
  5       3.95519852      17.90892500      20.95889730       0.58007359 
  5       3.37496538      82.76827500      59.52326834       0.57185810 
  5       4.20609141      80.10613750      42.33697256       0.56916098 
  5       3.84258034      -0.96805000      15.09040606       0.58153200 
  5       4.19670411      48.64451250      67.48764932       0.58207156 
  5       4.20609141      60.74513750      53.23559915       0.56916098 
  5       4.19670411     -44.04627500      88.02736867       0.58207156 
  5       3.55393743       8.71245000      41.91779461       0.57599677 
  5       3.84258034      47.91847500      79.64380975       0.58153200 
  5       4.20831736      38.72200000      65.39175959       0.57117317 
  5       3.95519852      17.18288750       2.93424562       0.58007359 
  5       4.21767649      54.45281250      74.19449645       0.57449383 
  5       4.07599753     -22.26515000      51.97806531       0.57898836 
  5       4.19670411     -15.00477500      73.77531851       0.58207156 
  5       4.20831736      31.46162500      74.61367440       0.57117317 
  5       4.20564574       2.17811250      95.99174964       0.56915931 
  5       3.36972158       6.77635000      29.34245622       0.57035311 
  5       3.36972158      15.97282500      92.21914813       0.57035311 
  5       3.32086807     -12.82666250      54.07395504       0.57278937 
  5       3.41465927      37.02791250      51.55888737       0.57352190 
  5       4.20831736      29.76753750      94.31503786       0.57117317 
  5       3.37496538      69.94161250      79.22463180       0.57185810 
  5       3.55393743      77.68601250       0.41917795       0.57599677 
  5       3.37496538      -6.05031250      85.93147894       0.57185810 
  5       3.32086807      28.31546250      59.94244629       0.57278937 
  5       3.32086807      92.20676250      18.02465168       0.57278937 
  5       3.32086807     102.85531250       4.61095741       0.57278937 
  5       3.41465927     -21.78112500      96.41092760       0.57352190 
  5       4.21767649      -8.71245000      24.31232087       0.57449383 
  5       4.21767649      61.47117500      14.25205016       0.57449383 
  5       3.37496538      72.36173750      18.86300757       0.57185810 
  5       3.41465927       9.68050000      10.89862660       0.57352190 
  5       3.36972158     -53.00073750      99.34517322       0.57035311 
  5       3.36972158      -3.38817500      57.00820067       0.57035311 
  5       3.36972158      24.20125000      33.53423568       0.57035311 
  5       4.13517505      48.88652500      56.16984477       0.57923960 
  5       4.20609141      35.33382500      33.53423569       0.56916098 
  5       3.36972158      57.35696250      91.79997018       0.57035311 
  5       3.84258034      83.97833750      31.43834595       0.58153200 
  5       3.32086807       8.47043750     102.69859679       0.57278937 
  5       3.85085560      72.84576250      34.79176953       0.58127293 
  5       3.41465927      28.55747500      15.09040606       0.57352190 
  5       4.12011909      -8.71245000      41.07943872       0.58073439 
  5       3.85085560      40.65810000      84.67394510       0.58127293 
  5       3.84258034      93.90085000       7.54520303       0.58153200 
  5       4.22288627      -6.77635000      67.90682726       0.57894476 
  5       3.96464630      15.48880000      50.30135353       0.58003551 
  5       3.84258034     100.67720000      27.66574444       0.58153200 
  5       3.32086807      34.12376250       2.09588973       0.57278937 
  5       4.20609141       0.00000000       5.86849124       0.56916098 
  5       4.21767649      89.06060000      41.91779461       0.57449383 
  5       3.84258034      41.62615000      11.73698249       0.58153200 
  5       3.85085560      50.58061250       8.80273687       0.58127293 
  5       3.36972158      31.94565000      41.91779461       0.57035311 
  5       3.85085560       0.24201250      47.36710791       0.58127293 
  5       3.95519852     -37.75395000      78.80545386       0.58007359 
  5       4.20564574      16.69886250      75.87120824       0.56915931 
  5       4.20564574     -25.65332500      82.99723332       0.56915931 
  5       3.32086807      57.35696250      62.45751396       0.57278937 
  5       3.85085560      87.85053750      52.39724326       0.58127293 
  5       4.19670411      73.32978750      59.10409040       0.58207156 
  5       4.22288627      28.07345000     104.79448652       0.57894476 
  5       4.07599753      47.43445000      99.76435117       0.57898836 
  5       4.20831736     -17.42490000      41.91779461       0.57117317 
  5       3.85085560      58.08300000      25.98903265       0.58127293 
  5       3.55393743      75.02387500      71.26025083       0.57599677 
  5       3.36972158      83.73632500      19.28218552       0.57035311 
  5       4.12011909      25.89533750      84.25476716       0.58073439 
  5       4.07599753      83.25230000       8.38355892       0.57898836 
  5       4.20831736      19.84502500      12.57533838       0.57117317 
  5       3.36972158     -14.76276250     103.53695268       0.57035311 
  5       4.20609141     -37.51193750      68.32600521       0.56916098 
  5       3.36972158      59.05105000      40.24108283       0.57035311 
  5       3.55393743     -19.36100000      62.87669191       0.57599677 
  5       4.19531181      25.65332500       0.00000000       0.57901575 
  5       3.36972158       6.05031250      20.53971935       0.57035311 
  5       3.84258034       1.93610000      67.06847137       0.58153200 
  5       3.85085560      -0.72603750      35.63012542       0.58127293 
  5       3.85085560      67.27947500      90.54243635       0.58127293 
