 Pt           R                 X                Y               E
  3       3.00402900      31.71761199      31.52572044       0.90056183 
  3       3.00402900      56.82738815      25.40422132       0.90056183 
  3       3.00402900      72.02541056      27.85282097       0.90056183 
  3       3.00402900      66.07835831       1.53037478       0.90056183 
  3       3.00402900      61.45287323      37.64721955       0.90056183 
  3       3.00402900      20.48429108       5.50934920       0.90056183 
  3       3.00402900      38.32544782       4.28504938       0.90056183 
  3       3.00402900      80.61559714      23.56777159       0.90056183 
  3       3.00402900      83.25873147      35.19861991       0.90056183 
  3       3.00402900      93.83126880      39.17759433       0.90056183 
  3       3.00402900      45.59406723      28.46497088       0.90056183 
  3       3.00402900     110.35085838      32.13787035       0.90056183 
  3       3.00402900      31.05682841      10.10047354       0.90056183 
  3       3.00402900      54.18425381      31.21964548       0.90056183 
  3       3.00402900      29.07447766      39.48366929       0.90056183 
  3       3.00402900      64.09600756      45.29909344       0.90056183 
  3       3.00402900      81.27638072       2.75467460       0.90056183 
  3       3.00402900       4.62548508      38.87151937       0.90056183 
  3       3.00402900       8.59018658      19.58879716       0.90056183 
  3       3.00402900     105.72537330      23.26169663       0.90056183 
  3       3.00402900      19.16272391      37.03506964       0.90056183 
  3       3.00402900     107.70772405       6.73364903       0.90056183 
  3       3.00402900      44.27250007      18.97664725       0.90056183 
  3       3.00402900      10.57253733      30.60749557       0.90056183 
  3       3.00402900      70.70384339      43.15656875       0.90056183 
  3       3.00402900      53.52347023      17.44627247       0.90056183 
  3       3.00402900      36.34309707      26.32244619       0.90056183 
  3       3.00402900      21.80585824      15.30374778       0.90056183 
  3       3.00402900      53.52347023      40.09581920       0.90056183 
  3       3.00402900      27.09212691       4.59112434       0.90056183 
  3       3.00402900      91.84891805       8.87617372       0.90056183 
  3       3.00402900      70.04305981      10.10047354       0.90056183 
  3       3.00402900      75.99011206      14.69159787       0.90056183 
  3       3.00402900      37.00388065      46.52339327       0.90056183 
  3       3.00402900      20.48429108      26.32244619       0.90056183 
  3       3.00402900      64.09600756      14.38552292       0.90056183 
  3       3.00402900      89.20578372      16.52804761       0.90056183 
  3       3.00402900      13.87645525      13.16122310       0.90056183 
  3       3.00402900      87.22343297      22.64954672       0.90056183 
  3       3.00402900      36.34309707      38.56544442       0.90056183 
  3       3.00402900      13.87645525       1.22429982       0.90056183 
  3       3.00402900      26.43134332      45.91124335       0.90056183 
  3       3.00402900      47.57641798       7.65187389       0.90056183 
  3       3.00402900       4.62548508      50.19629273       0.90056183 
  3       3.00402900      59.47052248      50.50236769       0.90056183 
  3       3.00402900       0.66078358      26.01637123       0.90056183 
  3       3.00402900      62.11365681       6.42757407       0.90056183 
  3       3.00402900      58.14895531      11.32477336       0.90056183 
  3       3.00402900      50.21955232       0.30607496       0.90056183 
  3       3.00402900      63.43522398      25.09814637       0.90056183 
  3       3.00402900       5.94705225      10.40654849       0.90056183 
  3       3.00402900      16.51958958      45.60516840       0.90056183 
  3       3.00402900      97.13518672      27.54674601       0.90056183 
  3       3.00402900     109.02929121      47.74769309       0.90056183 
  3       3.00402900      28.41369407      22.34347177       0.90056183 
  3       3.00402900      85.24108222      48.97199291       0.90056183 
  3       3.00402900     107.70772405      14.69159787       0.90056183 
  3       3.00402900      85.24108222       8.87617372       0.90056183 
  3       3.00402900     105.06458971       0.61214991       0.90056183 
  3       3.00402900      44.27250007      35.19861991       0.90056183 
  3       3.00402900      35.02152990      16.22197265       0.90056183 
  3       3.00402900     102.42145538      30.91357053       0.90056183 
  3       3.00402900      82.59794789      15.91589770       0.90056183 
  3       3.00402900      93.17048522      48.05376804       0.90056183 
  3       3.00402900     101.09988821      18.67057230       0.90056183 
  3       3.00402900      56.16660456       4.28504938       0.90056183 
  3       3.00402900      79.29402997      46.21731831       0.90056183 
  3       3.00402900      95.15283597      17.75234743       0.90056183 
  3       3.00402900      22.46664183      50.80844265       0.90056183 
  3       3.00402900      44.27250007      48.35984300       0.90056183 
  3       3.00402900      99.11753746       3.67289947       0.90056183 
  3       3.00402900      70.70384339      20.81309699       0.90056183 
  3       3.00402900      12.55488808      37.64721955       0.90056183 
  3       3.00402900       0.66078358      17.75234743       0.90056183 
  3       3.00402900     100.43910463      40.70796911       0.90056183 
  3       3.00402900      77.31167922      38.25936946       0.90056183 
  3       3.00402900      15.19802241      19.89487212       0.90056183 
  3       3.00402900      65.41757473      32.13787035       0.90056183 
  3       3.00402900      89.20578372      31.52572044       0.90056183 
  3       3.00402900      84.58029864      42.54441884       0.90056183 
  3       3.00402900      76.65089564       7.65187389       0.90056183 
  3       3.00402900      25.10977616      31.83179539       0.90056183 
  3       3.00402900     108.36850763      40.09581920       0.90056183 
  3       3.00402900     101.76067180      47.13554318       0.90056183 
  3       3.00402900      72.68619414      49.58414282       0.90056183 
  3       3.00402900       0.66078358       3.06074956       0.90056183 
  3       3.00402900      89.86656730       3.06074956       0.90056183 
  3       3.00402900      48.23720157      14.38552292       0.90056183 
  3       3.00402900      39.64701499      11.01869841       0.90056183 
  3       3.00402900      46.25485082      42.23834389       0.90056183 
  3       3.00402900       7.26861941       3.67289947       0.90056183 
  3       3.00402900      31.71761199      50.19629273       0.90056183 
  3       2.82758590      77.97246281      29.38319575       0.91510903 
  3       3.00402900       9.91175375      45.91124335       0.90056183 
  3       3.00402900      59.47052248      19.58879716       0.90056183 
  3       3.00402900      99.11753746       9.79439858       0.90056183 
  3       3.00402900      72.68619414      33.97432008       0.90056183 
  3       3.00402900      52.20190306      46.52339327       0.90056183 
  3       3.00402900      49.55876873      23.56777159       0.90056183 
  3       3.00402900      44.27250007       2.44859965       0.90056183 
