 Pt           R                 X                Y               E
  5       4.20564574      -0.96805000      83.83558921       0.56915931 
  5       3.37496538      80.59016250      29.76163417       0.57185810 
  5       4.20564574      17.90892500      15.09040606       0.56915931 
  5       3.37496538      82.52626250      39.82190488       0.57185810 
  5       3.36972158      45.98237500      46.10957407       0.57035311 
  5       4.21767649     -46.46640000      88.02736867       0.57449383 
  5       3.36972158     -30.49357500      57.00820067       0.57035311 
  5       3.41465927      23.71722500      45.27121818       0.57352190 
  5       4.20609141      53.48476250      16.34793989       0.56916098 
  5       4.20831736      87.12450000      15.92876195       0.57117317 
  5       3.36972158      28.07345000      12.57533838       0.57035311 
  5       4.20564574     -15.48880000      46.94792996       0.56915931 
  5       4.20564574      99.46713750      36.46848131       0.56915931 
  5       4.20609141      30.25156250      90.12325840       0.56916098 
  5       4.20609141     113.50386250       4.61095741       0.56916098 
  5       4.20831736      21.78112500       5.03013535       0.57117317 
  5       4.22288627      78.89607500      58.68491245       0.57894476 
  5       3.36972158     -15.97282500      67.90682726       0.57035311 
  5       3.37496538      71.15167500      36.04930337       0.57185810 
  5       3.37496538      86.15645000      49.46299764       0.57185810 
  5       3.36972158      11.37458750      57.42737861       0.57035311 
  5       4.20564574      45.98237500      68.74518315       0.56915931 
  5       4.20564574      21.53911250     103.53695268       0.56915931 
  5       3.36972158      54.69482500      31.01916800       0.57035311 
  5       3.32086807      54.69482500      83.83558921       0.57278937 
  5       4.20609141      34.60778750      46.52875202       0.56916098 
  5       4.20831736       6.53433750      95.99174964       0.57117317 
  5       3.36972158      41.38413750      24.73149881       0.57035311 
  5       4.20609141     -48.64451250      97.66846144       0.56916098 
  5       4.20564574      92.93280000      25.15067676       0.56915931 
  5       4.20564574       3.63018750      10.47944865       0.56915931 
  5       3.41465927     -33.88175000      72.09860672       0.57352190 
  5       3.55393743      29.52552500      38.56437104       0.57599677 
  5       4.20609141      62.19721250      97.66846144       0.56916098 
  5       4.21767649     -17.42490000      58.68491245       0.57449383 
  5       4.20609141      -3.63018750      44.01368434       0.56916098 
  5       3.37496538      -9.43848750      91.79997018       0.57185810 
  5       4.19531181      68.00551250      23.05478703       0.57901575 
  5       4.20564574      63.16526250      30.59999006       0.56915931 
  5       3.32086807      -3.87220000      73.77531851       0.57278937 
  5       3.37496538      20.81307500      62.87669191       0.57185810 
  5       4.20609141      68.24752500      46.10957407       0.56916098 
  5       4.20609141      55.17885000      62.87669191       0.56916098 
  5       4.20609141      52.51671250      96.83010555       0.56916098 
  5       4.21767649     -20.81307500      81.32052153       0.57449383 
  5       4.20564574      75.50790000      70.42189494       0.56915931 
  5       4.20609141      31.21961250     103.53695268       0.56916098 
  5       4.20609141      28.55747500      58.68491245       0.56916098 
  5       4.20564574       3.87220000      51.97806531       0.56915931 
  5       4.20831736     -12.58465000      25.15067676       0.57117317 
  5       4.20609141      40.90011250       2.93424562       0.56916098 
  5       4.20609141      99.22512500      16.76711784       0.56916098 
  5       4.20564574      40.65810000      55.33148888       0.56915931 
  5       3.36972158      65.58538750      71.67942878       0.57035311 
  5       4.20609141      66.31142500      11.73698249       0.56916098 
  5       3.32086807      76.71796250      18.02465168       0.57278937 
  5       4.20609141      41.14212500      88.02736867       0.56916098 
  5       3.36972158      53.24275000       4.19177946       0.57035311 
  5       4.20564574      43.56225000      37.72601515       0.56915931 
  5       3.36972158       0.96805000      34.37259158       0.57035311 
  5       4.20609141      87.85053750       7.12602508       0.56916098 
  5       4.12011909      38.96401250      12.99451633       0.58073439 
  5       4.20831736      31.94565000      29.34245622       0.57117317 
  5       4.20564574     -37.26992500      81.32052153       0.56915931 
  5       4.20564574     -53.24275000     104.79448652       0.56915931 
  5       3.36972158      33.39772500      20.95889730       0.57035311 
  5       4.20831736      22.99118750      75.03285234       0.57117317 
  5       4.20609141       7.01836250      18.86300757       0.56916098 
  5       3.36972158     -29.04150000     100.60270706       0.57035311 
  5       4.20609141       8.47043750      78.38627591       0.56916098 
  5       3.36972158     -30.25156250      90.12325840       0.57035311 
  5       4.20609141       5.08226250      67.48764932       0.56916098 
  5       4.20609141      22.26515000      28.50410033       0.56916098 
  5       3.41465927      74.29783750       7.12602508       0.57352190 
  5       4.20831736      18.39295000      82.99723332       0.57117317 
  5       4.20564574     102.37128750       7.96438097       0.56915931 
  5       3.36972158      54.69482500      46.10957407       0.57035311 
  5       3.32086807      62.43922500      88.86572456       0.57278937 
  5       4.21767649     -23.71722500      72.09860672       0.57449383 
  5       4.20564574      -1.45207500      24.31232087       0.56915931 
  5       3.36972158       2.42012500     104.79448652       0.57035311 
  5       4.20609141      14.03672500      25.98903265       0.56916098 
  5       4.20564574      65.34337500      62.87669191       0.56915931 
  5       4.20609141      -7.26037500      58.68491245       0.56916098 
  5       4.20831736     -15.97282500      98.08763938       0.57117317 
  5       4.20564574     -12.58465000      38.56437104       0.56915931 
  5       4.20564574     -12.10062500      76.29038618       0.56915931 
  5       4.20564574      10.89056250      43.17532845       0.56915931 
  5       3.85085560      36.78590000      62.87669191       0.58127293 
  5       4.20609141      20.32905000      94.73421581       0.56916098 
  5       4.21767649     -17.90892500      89.70408045       0.57449383 
  5       3.36972158      36.05986250      76.70956413       0.57035311 
  5       4.20609141      88.81858750      33.95341364       0.56916098 
  5       4.20609141      19.36100000      53.65477710       0.56916098 
  5       4.20609141     111.08373750      15.50958400       0.56916098 
  5       4.20831736      76.71796250      49.04381969       0.57117317 
  5       3.36972158      18.39295000      37.72601515       0.57035311 
  5       4.20609141      60.98715000      55.33148888       0.56916098 
  5       4.20609141      54.69482500      73.77531851       0.56916098 
  5       4.20609141      70.90966250      80.06298770       0.56916098 
